0000000000000000000000011111110000000000000000000000000000000000000000000000000000000000000000000000000000000000000000000000000000000000000000000000000000000000000000000000000000000000000000000000000000000000000000000000000000000000000000000000000000000000
0000000000000000000000111111111100000000000000000000000000011111100000000000000000000000000001111111000000001111000000000000000000000000000000000000000000000000000000000000000000000000000000000000000000000000000000011100000000000000000000000000000000000000
0000000000000000000000001111100000000000000000001100000001111110000000000000000000000000000111111111100011111111100000000000000000000000000000000000000000000000000000000000000111000000000011111000000000000000000001111111000000000000000000000000000000000000
0000000000000000000000000000000000000000000000011110000000000000000000000000110000000000000111111110000001111111000000000000000000000000000000000000000000000000000000000111000010000000001111111100000000000000000011111111110000001110000000000000000000000000
0000000000000000000000000000000000000000000000001110110000000000000000000000011000000000000011111111000011111111110000000000000000000000000000001000000000000000000100111111110000000000001111111000000000000000000000001110000000001110000000110000000000000000
0000000000000000000000000000000000000000000000000011111110000000000000000000000000000000000000000000011111111110000000000000000000000000000011000000000000000000000000011111111111100000000111111111100000000000000000000000000000000000000000110111110000000000
0000000000000000000000000000000000000000000000011111111100000000000000000000000000000000011000000000011110001111000000000000000000000000000000000000000000000000000000111111110111000000000011100110000000000000000000000000000000000000000000011111100111110000
0000000000000000000000000000000000000000000000111111111110000000000000000000000000000000011000000000000000000000000000111000000000000000000000000000000010111110000011111110000000000110001111110000000000000110000000000000000000000000000000111111111111111100
0000000000000000000000000000000000000000000000000011111100100000000000000000000000000000000000000000000000000000000000111000000000001000000000000000000000011111000111111111100000000110000111000000000000000000000100000000000000000000000000111111111111111000
0000000000000000000000000000000000000000000111000000000000000000000000000000000000000000000000000000000000000000000000000000000001100000000000000000000001111100000001111111110000000000000000000000000000000000000000000000000000000000111000011111000111000000
0000000000011000000000000000000000000000000111000000000000000000000000000000000000000000000000000000000000000000000000000000000001000000000000000000000011111110000000111111000000000000000000000000000000000000000000000000000000000011111111011111100000000000
0000000000011000000000000000000000000000000111000000000000000000000000000000000000000000000000000000000000000000000001101010000000000000011000001110000000000000011111000000000000000000000000000000000011111110000000000000000000000111111110001111000000000000
0000000000000000000000000000000000000000000000000000000000000000000000111000000000000000000000111001111110000000000011111110000000000000111101111111000000000000111111000000000000000000000000000000000001111111100000000000000000000111111111111111100000000000
0000000000000000000000000000000000000000000000000000000000000000001111111110000000000000000000111000111111110000000011110000000000000011111111111110000000000001111110001110000000000001100000000000000011111111111110000000000000000011111111101111000000000000
0000000000000000000000111110000000001111110000000000000000000000011111110000000110000000000000001111111111111110000001110000000000000011011111111111000000000000011111001111000000000001100000011111001011111111110000000000000000000111110000011110000000000000
0001110000000000001001111100000000111111111111100100000000000000011111111000000000000000000000001111111111100000000000000000000000000000001111111111100110000000000000111111000000011000000000111110011111111111000000000000000000101111111100001110111000000000
0011110001100000000000111111000000110011111110000000000000000000001111111100000000000000000001111111111111110011110000000000000000000011111111111100000000000000000001111000000000111100000000111111001111000000000000000000000010011111111000000001111100000000
0000000011111000000001111111100000000111110000000000000000000000000011000000000000000000000111111101111111000011110000000000011110001111111111111111000000000000000000111100000001111111110000011111000000000000000000000000000000000011111110000011111111000000
0000000000111000000000001110000000000000000111000000000000000000000000000111111101100000000011111110011100000000000000000000111111011111111111111111110000000001110000000000000000111111111100000001111111000000000000000000000000000000011100000011111110000000
0000000000000000000000000000000000000000000111000000000000000000000000001111111111111100000001111110011110000000000000000000001111011111111111111110000000000001110000000000000001111111000000000001111111111001101100000000000001100000000000000001111000000000
0000000000000000000000000000000000000000000011110000000000000000000001101111111110011000000000000000001100000000000000000000011110001011111111111100000111000000000000000000001111111111100000000000111111100000110000000000001111111000000000000000000000111110
0000000000000000000000000000000000111111110011111110100000000000000000000110011100000000000000000000000000000000000000000000000000000001111111001111111111100000000000000000000111100000000000000001111111000001111001111000111111110001111110000000000000011111
0000000000000000000000000000001111111111111000001110000000000000000000000000000000000000000000000000000000000000000000000001111111000111111111100111110000000000000000000000000000000000000000000000000000000000110001111000111111111001111100000000000001111110
0011100000000000000011000000011111111111111111001100000000000000000000000000000000000000000000000000000000000000000000000111111111100011111100000111111110000000000000000000000000000000000000000000000000000011111100000000011111110000111111100000000000111000
0111100000000011111111110000011111111111110111000000000010000000000000000000000000000000000000000000000000000000000000101111111111110000000000101111111100000000000110011000000000000000000000000000000000111101111111000000000000000000111111110100000000000100
0011110000000111111111111000001111111111100000000000111111100000000000000000000000000000000000000000000011011111111000001010001111000000000001110111000000000000000111000001000000000111111000000000000001111111111110100000000000000000011100000000000000000000
0000000000000000001111111000000001111111111000000000111111111110100000000000000011000000000000111111110001011111111110000000000000000000000111111111100000000000000011111000000001111111111110100000000000111111111000000000000000000000000000000000000000000000
0000000000000000011111110000000011111111111111110000011001111111110100000000000000000000000001111111100000011111111100000001110000000000010111111100000000000000000111110000000001111111110000000000000000011111000000000000000000000000000000000000000000000000
0000000000000000000000000000000000000111111111100000000001111111010000000000000000000000111101111111110000001111110000000001110000000000000011000000000000000000000000000011111001111111100000000000000000000000000001111100000000000000000000000000000000000000
0000000000000011111110000111000000001111111111111110000000100110000000000000000000000001111101111111100000000000000000000000000000000000000000000000000000000000000000000111111100111111100000000000000000000000011011111111100000000000000011111111000000000000
0000000000000111111100000111000000000000011111111100000011110000000000000000000000000000000111011110000000000000000000000000000000000000000000000000000000000000000000000111111111000111111100001110000111100000111111111111111000000000000001111110000000000000
0000000000000111111110001111011110000111111111111111111111110000000000000000000000000000000111000111000000000000000000000000000000000000000000000000000000000000000000000111111110000011111111111111000011111110011101111100000000000000000000111111111000000000
0000000000000111111110111111111110011111111111111110011110000000000000000000000000000000000000000111110000000000000000000000000000000000000000000000000000000000000000000000111100000111111111110000000111111111000000000000000000000000000011111111110000000000
0000000000000011100000111100111111111111111000000000111111101110000000000000000000010111110000011111111111110000000001110000000000000000000000000000000000000000000000000000000000000011111111100000001111111111100000000000000000000000000000111111100000000000
0000000000000010110000001110000111111111111100000000111111001110000000000000000000111111110000001110001111111100000011111101000000000000111111000000000000000000000000000000000000000000011111000000011111111111000001110000000000000000000111111111110000000000
0000000000000000000000001100000000011100000000000000001111000000001111000000000000010111000000011100011111111111100000000000000000000001111110000000000000000000000000000000000000000000000000000000011111110011111111111110000000111111000111111000000000000000
0000000000000000000011111001111100000000000000000000000000001111111111000000000000000000111111111110011111111100000000000000000000000001111111111000000000000000000000000000000000000000000000000000001111111001111111111111110000011111110011111111000000000000
0000000000000000000111111000111110000000000000000011000000011111111000000000000000000111111111110000000011111000000000000000000000000000111111110001110000000000000000000000000000000000000000000000001111000011111110000111000011111111100111111110000000011110
0000000000000000000011111111111110000001000000000000000000000011111000000000000000000111111111111111000000000000000000000000000000000001111111111011100000000000000001111110000000000000000000000000000111100001110000000000000111111111110011111000000100001111
0000000000000000011111111111111100000000000000000000000000000111110000000000000000000000111111111100000010000000000000000000000000001111111111111101111100000000000111111111101000000000000000000001111111111110000000000000000011110011111111111100011111000000
0011000000000111111111111110011000000000000000000000000000000001111111100000000000000000000110000000000000100000000000000000000000001110000001111100111110000000000000011100000000000000000000001111111111111111111000000000000111110011111111111000111110000000
0001100000000001111111110000111111100000111100000000000000100011111111111000000000001110000000011100000000000000000000000000000000000000000000001111111100000000000000111111000000000001111110011111111111101111110000000000100001100001111000000000011111000000
0000000000000000001111111110111111110011111111101110000000000001111100000000000000000111111000001111110000000000000000000000000001100000000000011011111110000000111111111111111100000011111111011111111111111111111110000000000000000011111100000111111110000000
0000000000000000000000011110111111110111111111101110000000000000000000000111111100001111110000011111111011011000000001100000000111111100000000000000000000000001111111111111111000000011111110011111111111111111111110000000000011110000000000001111111110000000
0000000000000000000000000000011111111111111111100001111000000000000000001111111111111111111110111111111111111000010001111110000000111110000000000011100000011001111111111111110011111111111111001111011111111110011100000000000011111000000000111111110000000000
0000000000000000000000000000001111111111111111111111111000000000000000001111111111110011111100011111111110111000000000011100000011110000000000111111110000011000111111101111110011111111111111011111100000111111000000000000000000000000000000001111111010000000
0000011111000011110000001110001111111111111111111111100000001111000000001111111111111000000000000111111100000000000000001111100000000000000000011111100000000000000000000111100001111100111111100011011100111111100000000000000000000000000000000011000000000000
0011111110000011110000011111111111111111111111111111100000111111110000000001111111111000000000001111111110000000000000011111000000000000000000000000000000000000000000000000000011111001111111100111111110000011100000000000000000000000000000000000000000000111
0011111111110000000000011101111111111111111111111111000001111111111100000011111111111100000000000001110000000000000000000001111100000000000000000000000000000000000000000000000011111111111111100111111111111010000000000000000000000000000000000000000000000111
0000000111000000000000000001111111111111110111100000000000111111100000000011111111111100000000000000000000000000000000001111111000000000000000000000000000000000000000000000000111110111111111111111100001100000000000000000000000000000000000000000000000000000
0000000000000000000000000000111111111001110000000000000000011110000000000001111111110000000000000000000000000000000000011111111110100000000000000000000000000000000000001110000111100001111111111100000000110100000000000111100000000000011111111000000000000000
0000000000000000000000000000000011111100011100000000000000111111100111000111001111111111110000000000001100000000000001011111110110000000000000000000000000011110000000011110000000000000001110001100110000000000000000001110000000000010111111111110011100000000
0000000000000000000000000000000011111100111100000000000001111111001110000111000000110011100000000001111110000000000000001111111000000000000000000000000000001110000000011100000000000011111111000000110000000000000000000000000000000111111111111110011100000000
0000000000000000000000000000000001111000111000000011100000001100000000001110011100000000000000000000111000000000000000000000000000000000000000000000000000000000000000000000000000000111111100000000000000000000000000000000000000000010011111111000000000000000
0000000000000000000000000000000000000011100000000111111000000000000000001111011100000000000000001111111100000000000000000000000000000000111111000000000000000000000000000000000000000111111111110000000000000000000000000000000000000000000000000000000000000000
0000000000000000000000000000000000111011110000000111111100000000000000000000111110000000000000011111111111000000000000000000000000000000011110001111110000000000000000000000000000000011111111111011111100000000001000000000000000000000000000000000000000000000
0000000000000000000000000000000000111001111000000011111000000000000000000000000000000000000000011111111111111000000000000000000001111111111111111111100111000000000000000001110000000000011111111111110000000000000000000000000000000111111110000000000000000000
0000000000000000000000001111111100000000000000000000000000000000000000000000000000000011100000001111100111100000000000000000000011111111111111111111110111000000000000000011111111110000000011110111111000000000000000000000001110000011111111100000000000000000
0000111111000000111101111111111111100000000000000000000000000000000000000000000000000011100000001111000000000000000000000000000011111111011111110011100000000000000000000101111111111000000111111111111000000000000000000000011111111001111110000000000000000000
0001111110000111111111111111111111111110000010000000000000000011000000000000000000000000000000000111110000000000000000000000000001111111111111111000000000000000000000000000111111000001100111111101110000000000000000000000000011100001111111000000000000011000
0000011111100011111001111111111111111111100000000000000000000000000000000000000000000000000011111100000000000000000000000000000000000011111000000000000000000000000000000000111111100000000111111110000000011110000000000000000111111110000000000000000001111111
1000001111000000000000011111111111111111000000000000000000000000000000000000000000000000000001111110000000000000000000000000000000000111110000000000000000000000000001110000000000000000000011111110000000111111000000000000000111111111000000000000001111111111
1110000000000000000111111111111111111111111100000000000000000000000000000000010000000000111111111111100000000000000000000000000000000111111000000100000000000000000001110000000000000000000000000000001111111100000000000000111000011100000000000001011111111111
0000000000000000110111111111111111111111110000000000000000000000000000000000000000000000011111111100000000000000000000000000000111111110001111111111100111111100000000000000000000000000000000000000000111111110000000000000111000001111110111110000001111111111
0000000001100000010111111110111111001111000000000000000000000000000000000000000000000000000000000000000000000000000000011111110011111110001111111111001111111110101000000000000000000000000000000000011111100000000000000001110000111111100111111100000111110100
0000000001110000000011011100011111100000000001111110000000000000000000000000000000000000000000000000000000000000000000111111110111111100001111111100000011111111100000000000000000000000000000000000001111110000000000000001110001111110001111111110000000000000
0000000000000000000000001110001111100000000011111111000000000000000000000000000000000000011100111100000000000000000000111111111111111111000111111011111111111101000000000000000000000000000000000000000000000000000000000000000011111100011111100000000000000000
0000000000000000000000111111000000000000000011111111100000000000000000000000000000000011111111111100011100000000000000111111111000011111100000000111111111110000000000000000000000000000000000000000000000000000000000000000000011111100000111000000000111000000
0000000000000000000000111111000000000000000000111111000000000000000000000000000000000001111111111001011100000000000011000011111111111111110000000111111111111000000000000000000000000000000000000000000000000000000000000000000011111111110000000000000111100000
0000000000000000000000011100000000000000001111111100000000001100011110000000000011111111111111111100000000000000000011000111111111111111000000000111111111111000000000000000000000000000000000000000000000000000000001111000000001111111100000000000000000000000
0110000000000000000000000000000000000001111111110000000000001100011111000000000001111111111111000000000000000000000000000000111111100000000000001111000000000000000000000000000000000000000000000000000000000000000001111001111100111111111011100110000000000000
1111110000000000000000000000000000000000111111111000000000000000001110000000000111111000001110000000000000000000000000000000111001110000000000001111111000000000000000001111110010000000000000000000000000000000000000000011111100111111111111000110000000000000
1111111100000000000000000011000000000000011111111000001000000000000000000000000011111100001110000000000000000000000000000011111100000000000000000000111001111110010000001111000000000000011111111000000000000000000000000001111000111111110111110000000000000000
0111000000000000000000111111100000000000111100000000000000000000011111111000000000000000000000000000000000000000000000000001111100000000000000000000000000111111000000000000000000000001111111110011111110000000000000000011111111111111000011100001111100000000
0000000000000000000001111111100000000000001110000000000000011110001111110000000000000000000001100000000000000000000000000011111100000000000000111111100111111111001111000000000000000011111111111111111111000001110000000111111111011100000000000011111110000000
0000000000000000000001111111000000000000000011111100000000011111111111111100000000000000000111110000000000000000000000000011111110000000000111111111111111011110001110000000000000000000011111111111111100011111110000000111110000000000000000000010111000000000
0000000000000000000000111111111100001100001111111110000000111111111111111000000000000000000111110000000001111111111100000000001110000000000011111111111111000000000111000000000000000000000000000111111110001110111100000011111000000000000000000000011100000000
0000001111000000111000001111110000011110001111111100000001111111111100110000000000000000000011100000000011111111110000000000000000000111111111111111111110000000011111111100000000000000000000000000000000000000111000000000000000000000001111110000000000000000
0000111111111000011100000000000000000110000111111000000000111111111100000000000000000000000011100000000000111111111111110010000000000011111111100111111100000000111111110000000000000000000000000001001111100000111000000000000000000001011111100000000110000000
0001111111100000111100000000000000000000000011111100000000111111101111000000000000001000000000000001111100111111100111100000000000000111111110000000001111110000111111100000000000000000000000000000011110000000000111010000000000000010111111000000000000000000
0000011111111100000000000000000000000000000000011100001111011100001111000000000000000000000110000001111100001110001111111111111000000011111000000000011111111000001111111010000000000000000110000111100000000000000111000000000000000000101111100000000000000000
0000111111111000000000000000000000000000000000000011111111000000000000000000011110000001111111000000000000000000001111001111111000000000000000000000011111111100000000011000000000000000000110000111110000000000000000000000000000000000000000000000000000000111
0000000001100000000000000000000000000000000000001111111110000000000111111001111111111101111100000000000000000000000000011111111100000000000000000110111111111000000000000000000000000000000000000000000000000000000000000000000000000000000000000000000000000111
0000000000000000000000000000000000000000001100000111111111000000111111110000001111111100111110000000101000001100000000011111111100000000000000101111111000000000000000000000000000000000000000000000000000000000000000000000000000000000000000000000000000000000
0000000000000000000000000000000000000000011111011111111110000000011111111000001111111001111100001111111110011110000000000000000000000000000000001110111100000000000000000000000000000000000000000000000000000000000000000011100000000000000000000000000000000000
0000000000000000000000000000000000000000000011011111100000000000111111111111111111111100000000011111111111110100111100000000000000000000000000000000011100000000000000000000000000000000000000000000000000000000000000000011000000000000000000000000000000000000
0000000000000000000000000000000000000000000000011111110000000000011111111111110101000000000000011111111111111110111100000000000000000000000000000000000000000000000000000000000000000000000000000000000000000000000000000000000000000000000000000000000011100000
0000000000000000000011111111000000000000000000001111000000000000000111111111100000000000000000001111100111001110000000000000000000000000000000000000001111111100000000000000000000000000000000000000000000000000000000000000000000000000000000000000100011100000
0001110000000000001111111110000000000000000000000000000000011100000011111111111110000000000000000000110000111111100000000000000000000000000000000000011111111110000000000000000000000000000000000000000000000000000000000000000001110000000000000000000000000000
0001111111000000000011111111111000000000000000000000000000001110001111111111111110000000000001110001110001111111111000000000000000011110000000000000111111111100000000000000000000000000000000000000000000000000000000000000000001110000000000000000000000000000
0000100111100000000001111111000000000000000000000000000000000000000111111111111100000000000000111110000001111111110000000001111000011110000000000000001111111111111100000000000000000000000000000000000000000000000000000000000000000000000000000000000000000000
0000001111111000000000000000000000111111110000000000000000000000001111111111111110000000000011111111000001111111100000000001110000000000000000000000011111001111111100011000000000000000000000000000000000000000000000001000000000000000000000000000000000000000
0000011111000000000000001111000111111111111100000000000000000000000000011111111111000000000011111110000011100000000000000111111100000000000000000000000000000111110000000000000000000000000000000000000000000000000000000000000000000000000000000000000000000000
0000011100000000000000001111111111111111111000000000000000000000000000111111111111111000000001111111100011110000000000000011111101000000000000000000000000001111100000000000000000000000000000000000000000000000000000000000000000000000000000000000000000000000
0000000000000000000000000111111110000111110000000000000000000000000000000000111111110000000000001111100000000000000000001111111000000000000000000000011111000000000000000000000000000000000000000000000000000000000000000000000000000000000000000000000000000000
0000000000000000000000000011111111100000000000000001110000000001110000001111111111000000000000000000000000000000000000000111111100000000111110000000011110000000000000000000000000000000000000000000000000000000000000000000000000000000000000000000000000000000
0000000000000000000000001111111100000000000000000001110111111111110000000111100000000000000000000111111111100000000000000000000000000001111111001111001111100000000000000000000000000000000000001100000000000000000000000000111111000000000000000000000000000000
0000000000000000000000000000000000000000000001110000011111111110000000011111111000000000000000000011111111000000000000000000000000000011111111111111111111000000000000000000000000000000000000011111100000000000000000011111111111100000000000000000000000000000
0000000000000000000000000000000000000001111111111100111111111111111000001111111100000000000000000011111111110001111111111000000000000000111111111111111110000000000000000000000000011100000000011111110000000000110011111111111111111000000000000000000000000000
0000000000000000000000000000000000001111111111111110000111111111110000011111000000110000000000011111111111111011111111000000000000000000000000111111111100000000000000000000000000111110000000001110000000000000011001111111111111111101100000000000000000000000
0000000000000000000000000000000010000011111111100000000000011111000011111110000000000000000000111100000001110011111110000000000000000000000001111111111000000000000000000000000011111100000111110111000000000000000000000111111111111111110011000000000000000000
0000000000000111000000000000000100000000111111110000000011111111111111111111000000000000000000000000000000000001111111111010000000000000000111111111100000000000000000000000000001110000011011111111100000000000000000000000111111110111111011000000000000000000
0000000000000111000000000000000000000000000000000000000011111111111111111111111000000011110000000000000000011111100111111111010000000000001111100000000000000000000000000000000000111000000011000111000000000000000000000001111111000011111000000000000000000000
1100000000000000000000000000000000000000000000000000001111111111111111111111111110000011111000000000000000111111100111111100001111100000001111110000000000000101111100000000000000000000000000000000000000000000000000000000000000000001110000000000000000000000
1100000000000000000000000000011000000000000000000000011111111111111110001111110000011111111111110000000000111111100111111000111111111111001111100111100001110000111110000111110000000011100000000000000000111111110000000000000000000000000111111000000000000000
1100001100000000111000000000000000000000000000000000011111111111111100001110000011111111111110000000000000111111100000000000000000110000000111111111000000111111111100001111111110000111110000000000000000111111100000011111000000000000001111110000000000000011
1100001100000011111111100000111110000111100000000000000111111111111111000000000011111111000000000000000000111111000000000000001111100000000011111111100111111111111111111111111100001111111100000000000000111111111101111111101000000000001111111000011100111111
0000000000000011111111110000111100001111100000000000000001111110000000000000000001111110000000000000000000000000000000000000001111110000110111111111100111111111110011111111110000001111111110000000000000011111111111111111100000000000000111110000011110011111
0000100000000000111111110001100000001110000000000000000000000000000000000000000000000000000000000000000000000000000000000000000000000000000001111110000001111111111001111111101111100111111110000000000000000000000011110011000001111000000000000000000000001111
0000000000000001111111111100000000000011000000000000000000000000000000001111100000000000000000000000000000000000000000000000000000000000000000110001111111110000110001110111111111111101111100000000000000000000000001111000000011111111111000000000000000000000
0000000000111111110001111111000000000000000000000000000011111100000000111111110000000000000000000000000000000000000000000000000000000000000000000011111111111000000000001111111111111100000000000001110100000000000000000000000011111111111111000000000000000000
0000000001111111100001111111100000000000000000000000000011111110000000111111110000000000000000000000000000000000000011111010000000000000000000000011111111111000000000001111111111100000000000000011110000000000000000000000000001111011111100000000000000000000
0000000001111111100000011110000000000000000000000000000011111100000000001111110000000000000000000000000000000000000011110000000000000000000000000001111111001110000000001111111101000000000000000000000000000000000000000000000001110001111110000000000000000000
0000000001111111000000000000000000000000000000000000000111111110000000000000000000000000000000000000000000000000000000000000000000000000000000000000000000011111100000111011101000000000000000000000000000000011110000000000111011001100000111111111011000000000
0000000000111001111000000000000000000000000000000000000111000000000000000000000000000000000000000000001000000000000000000000000000000000000000000000000000011111101111111000000000000000000000000000000000000001100000000000111111000000000111111111011000000000
0000000000000001111000000000000000000000000000000000000000000000000000000000000000000000000000000111111111100000000000000000000000000000000000000000000000011111001111111000000000000000000000000111100000000000000000000000111110000111111111111111101110110000
0000000000000000000000000000000000000000000000000000000000000000000000000000000000000000000111111111111111100000000000000000000000011111111000000000000000001111100001111100000000000000000000001111111110000111111000000000111111001111111111111111001110110100
0000000000000000000000000000000000000000000000000000000000000000011000000000000000000000000111111111111110011010000000000000001110111111111111100000111000000000000011111111010000000000000011011111111101101111110001100100011111111111111100001110001110000000
0000000000000000000000000000000000000000000000000001110001110000011000000000000000000000000111011111111110011000000000000000011110011111111110000000111001111010000000011011000000000000000000000111111111101111111101100000000001111111111110000000000000000000
0000000000000000000000010000000000000000000000001111111011111000000000000000000000000000000000111111110000000000000000000001011111111111111000000000001111111000000000000000000000000000000000000001111111000111111000000000000001111111110000000000110100000000
0000000000000000000000000000000000000000000000000111111011100000000000000000000000000000000000111111111000000000111100000000001111111000000000000000001110000000000000000000000000000000000000000011111110000000000000000000000000000001110000011101101100000000
0000000000000000000000000000000000000000000001111111111111110000000000000000000000000000000000000000111000000001111111110000000111111100000000000000000000000001111111000000000000000000000000000001110000000000000000000000000000000001111111111100000000000000
0000000000000000000001110000000000000000000000111111111111100000000000000000000000000000000000000000000000000000000011100000000111111000000000000000000000000000111110000000000000000000000000000000000000000000000000000000000011001100111111111100000000000000
0000000000000000000001110000000000000000000011111111111110000000000000000000000000000000000000000000000000000000000000000000000000000000000000000001111000000001111111100000000000000000000000000000000000000000000111101000100110001101111111100000000000100000
0000000000000000000000000000000001100000000111111111111110000000000000000000110000000000000000000000000000000000000000000000000000000000000000000001110000000000111111000011110000000000000000000000000000000111111111111111000000000001111111110000000001110000
0000000000000000000000000000000000000000000011111110000000000000000000111110110000000000000000000000000000000001110000000001111000000000000000000000000000000000000000000001110000000000000000000110000000000000111111111110000000000000000000000000000001101100
0000000000000000000000000000000000000000000001111111111100000000000001111111000000001111111100000000000000000011110011111111111111000000000000000000000000000000000000000000000000000000000000000011111110000001111111111000000000000000000000000000000000011100
0000000000000000000000000000000000000000001111100001111110011100000000111111000000000111100000000000000000000000000111111111110000000000000000000000000000000000000000000000000000000000000000000111111111000000111111000000000000000000000000000000000000111111
0000000000000000000000000000000000000000011111000011111111111111000001111111000000001111110000000000000000000000000011111111111100000000000000000000000000000000000000000000000000000000000011110111111111111000000000000000000000000000000000000111100001111111
0000000000000000000000000000000000000000011111110001111111111111110000000000000000001110000000000000000000000000000000111111011111111100000100000000000000000000000000000000000000000000001111111111111111000000000000000000000000000000000000000111100001100111
0000000000000000000000000000000011000000000111100000111111111111000000000000000000000000001110000000000000000000000000000000001111111110001111010000000000000000000000000000000001110000011111111111000000000000000000000000000000000000000000000000000000110011
0000000000000000000000000001001111100000000000000000111111111111000000000000000001111100011110000000000000000000000000000000111111111100011110000001100000000000000000000000000000100000000011111111100001110000000000000000000000000000000000000000000000000000
0000001110000000000000000000000111110000011000000011111101111111100000000000000111111111101100000000000000000000000000000000111111111110000000000001100000000000000000000000000000000000000000011111011011100000000000000000000000000000000000000111011000000000
0001111111110000000000000000111111111100011111111111111001111111100000000010111111111111100000000000000000000000000000000000000011100000000000001100000000000000000000000000000000000000000000111111110000000000000000000000000000000000000000011111111010000000
0011111111110000000000000001111111111100111111111111111100011110000000000000000001111111100000000000000000000000000000000000000000000000000000001110000000000000000000000000000000000000000001111111111100000000000000000101111000000000000000111111100000000000
0011111111100000000000000001111111111100111111111100111000000000000000000000000000000000000000000000000000000000100000111111110000000000000000001110000000000000000000000000000000000000000000111110000000000000000000000001111110100000011100111111000000000000
0001111111100000000000000000011111111000011111111110000000000000000000000000000000000000000000000000000000000000000011111111111100000000000000000000000000000000000000000000000000000000000000011100000000000000000000000000000000000000011101111110000000111111
0000000000000000000000000000000111100000000000000000000000000000000000000000000000000000000000000110000011111000000001111111111111101000000000000000000000000000000000000000000000000000000000000000000000000000000000000000000000000000000111111111000000011111
0000000000000000000000000000000000000000000000000000000000000000000000000000000100000000000000000000011111111110001110111111000000000000000000000000000000000000000000000000000000000000000000000000000000000000000000000000001100000000001111111111111111101111
0000110000000000000000100000111100000000000000000000000000000000000000000000000000000000000000000000111111111111111111100000000000000000000000000000000000000000000000000000001110000000000000000000000000000000000000000000001101100000001111111111111111111111
0001110000000000000001111001111110000000000000000000001000000000000000000000000000000000000000000000000111111111111111111000000000000000000000000000000000000000000000000001011111100111000000000000000000000000000000000000000011100000000111111111111111111000
0001100000001111000000000001111110000000000000000000000000000000000000000000000000000000000000011101111111111111111111111110100000000000000000000000000000000000000000001011111111111111100000000000000000000000000000000000000111111100000000000011101111111000
0000000000001111111111110000111000000000000000000000000000000000000000000000000000000000000000111111111000011111111111100000000000000000000000000000000000000000000000000010111110011111111000000000000000000000000000011111111111111100000000000000011111110000
0000000000001111111111111000000000000000000000000000000000000000000000000000000000000000000000011111111000000001111110000000000000000111111100000000000000000000000000000000011111000111000000000000000000000000000000001111111111111111111000011000011111111000
0000000000000111111100000111100000000000000000000111000000000000000000000000000000000000000000001111110000000111111111111100000111001111111111111100000000000000000000000000000000000000000000000000000000000000000111111111111111111111111000110000000000000000
0001111000000000000000000111111100000000000000111111100000000000000011100000000000000000000000000000000000001111111111110000011111101111111111100000000001111001111111000000000000000000000000000000000000000001111111111111111111110111111100000000111100000000
1111110000000000000000011111111000000000000001110000000000000000000001000000000000000000111111110000000000001111111111000000111111000001111110000000000001111111111111110000000000000000000000000000000000000000011111111110000000000111111000000000111000000000
1111100000000000000000001100000000000110000111111100000000000000000000000000000000000011111111100000000000000111111100000000001111111100000000000000000000001111111111111110100000000000000000000000000000000000000111111111100000000000000000000111111111100000
1111110000000000000000000000000001000110111111111111111000000111111101100000000000000001111111110000000000000001000000000000000001111110000000111100000000111111111110000000000000000000000000000000000000000000000000000000000000000000000000001111111111000000
1111110000000000000000000000000000000000111111111111111100001111111001100000000111100001111111000000000000000000000000000000000111111101000000011111000000011111111000000000000000000000000000000000000000001100000000000011111111100000000000011111111111110000
0110000000000000000000000000000000000000001111111101100110001111111100000000000111100000000000000000000000000000000000000000000011111000000111110000000000000000000000110000000000000000000000011100000001111111000000000001111000000000000000110111111111111000
0000000000000000000000000000000000000000001111111000000000001111111111110000000000000000000000000000000000000000110000000000000000000000001111100000000000000000000001111000000000000001111111111000000011111110000000000000000000000000000000011001111111110000
0000000000000000000010000000000000000000000000000000000000000000111111110000000000000000000000000000000000100000110000011111111000000000001111111000000000000000000000000000000000000000111111111111111101111101111100000000000000000000000000000011111111111000
0000000000000000000000000000000000000000000000000000000001100000001111100000000000000000000000000000000000000000000001111111111100000000000011111111000000000000000000000000000000000011111111111111111101111111111110000000000001100000000000000001111111100000
0000000000000000000000000000000000000000000000000000000001100000001111110111000000000000000000000000000000000000000000111111111100000000000111111111110000000000000000000000000001100000011111110011110000001111111111000000000001101111000000000001111111100000
0000000000000000000000000000000000000000000000000000000000000000000000000111100000000000000000000000000000000000000000001111111000000000000111111000000000000000000000000000000000000000110000000111111011111111111000000000000000011111100000000000000000000000
0000000000000000000000000000000000000000000000000000000000000000000000001111011111000000000000000000000000000000000000000000000000000000000000000000000000000000000000000000000000000001111111110000000001111110000000000000000000111111100000001110000000000011
0001000000000000000000000000000000000000000000000000000000000000000000000000011111110000000000000000000000000000000000000000000000000000000000000000000000000000000000000000000000000001110111110000000011111110000000000000000000111111000000001111111111110011
0000000000000000000000000000000000000000000000000000000000000000100000000000001110000000000000000000000000000000000000000000000000000000000000000000001110110100000000000000000000000000001111111111100001111111111000000000000000000000001110000111111111111000
0000000000000000000000000000000000010011100000000000000000000000000000000000001110000000000000000000000000000000000000000000000000000000000000000000011111110000000000000000000000000111111111111110000000000001110000111100000000000000001110000111111111111000
0000000000000000000000000000000000000001110000000000000000000000000000000011110011000000110000000000000000000000000000000000000000000000000000000000001111000000000000000000000000000011111100011110000000000000001111111110000000000000001110001111111111110000
0000000000000000000000000000000000000000000000000000000000000000000000000011110011111111111000000000000000000000000000000000000000000000000000000000001111111111000000000000000001111111111111111111000000000000001111111101100000000000000000101111000111000000
0000000000011110000000000000000000000000000000000000000000000000000000000000000111111111111000000000000111111110000001111000000000000000000000000011110111111111110000000000000000111111111111101100010000000000000111111101110000000000000000000000000011111110
0000000000011111000001100000000000000000000000000000000000000000000000000000000000111111110000000000011111111111000001111000000000000000000000000111111111111111100111111000000000000111100000000000000000000000001111111110000000011000000000000000000111111111
0000000000000000000011000000000000000000000000000000000000000000000011100000000001111111111000000000001111111100111000000000000000000000000000000111111101111111001111110000011110000000000000000000000000000011111111111110000000111100000000000000000000001111
0000000000000000000000000000000000000000000000000000000000000000111111111100000011111110000011000000000011111111111100000000000000000000000000000011100000001100001111111000001101100000000000000000000000001111111111111000000001110000000000000000000000011110
0000000000000000000000111100000000000000000000000000000000001011111111111000000001111000000011000000000000011111111101111111100000000000000000000000000000011111000111111110000000000000000000000000000000000000111111100001000000000001100000000000000000000000
0000000000000000000000011100000000000000000000000000000000000000000111111111000000000000000000000001110000001111111001111111000000000000000000000000000000111111110000011100000000000000000000000000000000000011111111110000000000000000000000000000000000000000
0000000000000000000000000000000000000000000000000111100000000000001111111111110000000000000000000001110000000001100001111111111000000000001110000000000000011110000000000000000000000000000000000000000000000011000000000000000000000000000000000000000000000000
0000110000000000000000000000000000000000000000001111110000000000000000001111100000000000000000000001110000000000000000111111111000000000111111000000000000000000000000000000000000000000000000000000000000000000000000010000000000100000000000000000000000000000
0001111000000000000000000000000001100000000000001111110000000000000000000000000000000000000000000000000000000000000000000111110000000000000000000000000000000000000000000000000000000000000000000000110000000000000011110000000000000000000000000000000000000000
0001111000000000000000000000000000000000000000001111100000000000000000000111110000100000000000000000000000000000000000001111111000000000000000000000000000000000000000000000000000000000000000000000110000000000111000000100000000000000001110000000000000000000
0000011100000000011100000000000000000000000000000000000000000000000000111111111000000000000000000000000000000000000000000000000000000000000000000000000000000000000000000000000000000000000000000000000000000001111100000000000000000000001111111100000000000000
0000011100000001111111111000000000000000000000000000000000111111000000011111111100000000000000000000000000000000000000000000000111111110000000000000000000000000000000000000000000000000000000000000011110000001111100000000000000000000111111111110100000000000
0000000000001111111111100000000000000000000111111111000011111111100011111111110000000000011100000000000001000000000000000000000011111100000000000000000000011111000000000000000000000000000111111001111111100000111100000000000000000000110001111110000000000000
0000000000001111111110000000000000000000000111111111100111111111011111111111000000000000111000000000000000000000000000000011110111111111011100000000000111111111110000000000000000000000111111110000111111111000000000000000000000000000000001111100000000000000
0000000000000111111100000000000000000000000001111111100111111111111111111111100000000000011111111000000000000000000000000111111111111111101111100000001111111111111111100000000000000000001111111011111110000000000000000000000000000000000000000000000000000000
0000000000000000110000000000000000000000000001111111100011111100111111111111110000000000000111111100001110000000000000000011111111111111111111000000000011111111111100000000000001001111111111111111001111000000000000000011110000000000000000000001110000000001
0000000000000000000000111111000000000000000000001110000000000000011111111000000110000000001111111100011111000000000000000000111111111111111000000000000111111111100000000000000000011100000011100000000000000000000000001111111110000000000000000001111101000011
0000000000000000000111111111111000000000000000000000001111011000000011100000001111000000000111111000011111100000000000001111111111111111111100000001111111111000000000000000011000000000000000000000000000001110011111001111111100000000000000000000011100000011
0000000000000000000111111111111000000000011110000000001111111100000000000000000000000000000000011111101111100000011111111111111111111111000000000000011101110000111100011111011010000000000000000000000000111111101111101111111110000000000000000000000000000001
0000000000000000011111111111000000000000011110000000001111111100000000000000000000000000000000111111111111000000001111111111111110011111100000010000000000111111111111111111100000000000000000000000000000000011111111000011111101111110000000000000000000000001
0000000000000000111111111110000111111110000000000000000111011100000000000000000000000000000100111111111111110000000000111111100010011000000000000000000000001111111111111111000000000000000000000001100000000000011110000000001111111111110000011000000000000001
0000000000000001111111000000011111111111100111111111000000000000000000000000000000000000000000001111111111111000000000011111110001111100000000000000000000011111111110011111100000000000000000011111110000100000000000000000001111111111100000110000000000000000
0000000000000000011111100000011111111111111111111111111100000011111100000000000000000000000000001111111111100000000000111111110001111000000000000000000000000111110011000000000000000000000111111111111001111111000000000000000001111110000000000000000000000000
0001110000000000000000000000001111111111111111111111111000000011111111000000000000000000000000111111110001111110000000011111100010011110000000000000000000000000000111000000000000000000000111111111111111111111000000000000000000000000000000000000000011100000
0001110000000000000000001111111111111111111111111111100000000000000000000000000000000000001111111000000011111111000011111111111110011111000000000000000000000000000111001110000000000111100001111111111111111111110000000000000000000000000000100000000011000000
0000000000000000000011111111111111111111111111111111110000000000000000000000000000000000000011111110000011111111001111111111011111111111100000000000000000000000000000111110000000111111110000111111111111111111111111000000000000000000000000000000011111111010
0000000000000000000000011111111111111111100000011111111000000000000000000000000000000001111000001110000001111110001111100000011111111111001000000000000000000000000000111100000000001111100000000000011111111111111111110000000000010000000000000000111111111111
0000000000000111000000000011111111000110000000111111111000000000000000000000000000011111111110000000000110000000000111111100001111110000000000000000001100000000000000000000011111111100000000000000111111111111100111111000000000000000000000000000111111110000
0000000000000111100000000000111110000000000000000011110000001000000000000000000000011111111111000000010111000011111111110000000000000000000000000000000000000000000000000011111111111111000000000000111111100000000111111000000000000000000010000000011111111000
0000000000111100000000000000000000000000000000000000000000000000000000000000000000000111111111000000000011000111111111111000000000000000000000000000000000000000000000001111111111111111100000011111111111110000000000000000000000000000000000000000000000000000
0001111100011110000000000000000000000000000000000000000000000000000000000000000000001110000000000000000000000000001111111100000000000000000000000000000000000000000000000000011111111111000111111111110001110000000000011111000000000000000000000000000000000000
0000111110011100000000000000000000000000000000000011111100000000000000000000000000001110000111000000000000000000011111111000000000000000000000000000000000000000000000000000000000111111100001111111111100000110000000011111100000000000000000000000000000000000
0000000000000000000000000000000000000000000000000111111110000000000000000000000000000001000111000000000000000000000111000000000000000000000000000000110000000000000000000000000001111000000000111011111100000110000000011111100000111001111110000000000000000000
0000000000000000000000000000000000000000000000000111111111100000000000000000000000000000000000000000000000000000000000000000000000000000000000000000001111100000000000000000000101111000000000011100000111100000000000011111000000011100011111000011111000000000
0000000000000000000000000000000000000000000000000011111110000000000000000000000000000000000000000000000000000000000000000000000000000000000000000000000111000000000000000000000000000000000000011100001110000000000000000111111000000000011100000111110000000000
0000000000111111100011111000000000000000000000011100000000000000000000000000000000000000000000000000000000000000000000000111000000000000000000000000011111111000000000000000000000000000000000000000000000000000000000001111111000001111111111100111111110000000
0000000000011111111111111110000000000000000000111111000000000000000000000000000000000000000000000000000000000001111111001111100000000000000000000000111111111000000000000000000000000000000000000000000000000000000000000111111000011111111111000111111111100000
0000000011111111111111111111100000000000000000011001100000000000000000000000000000000000000000000000000000000000001111111110000000000000000000000000111111111000000000000000000000000000000000000000000011111100000000000000000000001111100000000111111111100100
0000000001111111111111111110000000000001110001111100000000000000000000000000000001111000000000000000000000000000011111111111111000000000000000000000011111110000000000000000000000000000000000000000000111110000000001000000000000000111111000000011111110000000
0000000000111000011111110000000000000001110011111000000000001111000000000001110001111100000000000000000000000000000001111111110000000111110000000000000000011111000000000000000000000000000000000000000111111000000100000000000000011111111110000000000000000000
0111100000000000000001111111101110000000000011111110000111111110000000011111110000111000000000000000000000000000000000001100000001111111111100000000000000011111100110000000000000000000000000000000000011110000000000000000000000111111111100000000000000000000
0011000000000000000000111111111110001000000001111100001111111111110000011110000000000000000000000000000000000000000000000000000000111111111111100000000000111111100110111100000000000000000000000000000000000000000000000000000000011100111000000000000000000000
0000000000000000000000111111110000000000011111111011100011100011000000000000000000000000000000000000000000000000000000000000011111111111111111110000100000011111100001111110000000000000000000000000000000000000000000000000000000000000011111000000000000000000
0000000000000000000000111100111100000000111111111011100011110000000011110000000000000000000000000000001111111000000000000000111111111111111111111001110000000000000001111111111110000000000000000000000000000000000000000110000000000000011111100000000000000000
0000000110000000000001100001111110000000011111110000000000000000111111111100000000000000000000000000000111110001000000000000011111111111001111110000000000000000000000111111111100000000000000000000000000000001111111101111110000000000111111000000000111100000
0000001100000011111111110000000011111110011111111000000000000000011111111100000000000000000000000000111111111000000000000000001111111111100000111110000000000000000000000001111111000000000000000000000000000001111111111111111100000000111000000001101111000000
0000000000000011111111110000000111111100000001100000000000000000001111111000000000000000000000000000011111110000000001100000000000011100000011111110000000000000000000000011111110000000000000000000000001111100111111111111111110000000000000000111111111110000
0000000000000001111111111111001111111111110000000000000000000000001111111100100000000000000000000000000000000000000001100000000000000000000001111110000000000000000000000000000000000000000000000000000000111101111111111111110000000000000001011110111111111110
0000000000000000000110001100001111111111111100000000000000000000000011000000000000000000000000000000000000000000000000000000000000000000000011111100000000000000001111100000000000000000000000110000000000000000001101111111111111000000000000001100111111111100
0000000000000000000000000000000111111111000000000000000000000000000000000000000000000000000000000000000000000000000000000000000000000000000000000000000000000000001111110000000000000000000000110000000000000000000001111111111111111000000000000000011111110000
0000000000000000000000000000000000111111110000001000000000000000000000000000000010000000000000000000000000000000000000000000000000000000000000000000000000000000001111110000000000000000000000000000011110000111111100001111111111111110000000000000000000000000
0000000000000000000000000000000000011111100000000000000000000000000000000000000111000000000000000000000000000000000000000000000000000000000000000000000000000000000111111110000000000000000000000111111111111111111000011111111110000000000000000000000000000000
0000000000000000000000000000000000111111111111000000001110000000000000000000000000000000001111100000000000000000000000000000000000111110000000000000000000000000000000001110000000000000000000000111111111111111111101111111110000000000000000000000000000000000
0000000000000000000000000000000000011111111110011111001110000000000000000000000000000000011111111110000000000000000000000000000001111111000000000000000111100000000000000000000000000000000000000011110011111111111111111111111000000000000000000000000000000000
0000000000000000000000000001100000000111111111111111100000000000000000000000000000000000011111111111100000000000000000000000000000111111011000000000000111100111110000000000000000000000000000000000000000110111111111111111111000000000000000000000000000000000
0000000000000000000000000000110000000011111111111111000000000000000000000000000000000000001111111100000000000000000000000000000000011111000000000000000000000111111000000000000000000000000000000000000000000111111111111111000000000000011100110100000000000000
0110000000000000000000000000000000000001110000111111011000000000000000000000000000000000000011100011110000000000000000000000011100000000110000000000000000011111111000000000000000000000000000000000000000000011110011111111000000000000011111111110000000000000
1111110000000011000000000000000000000000000000011100111100000000000000001100000000000000000000000111111111111000000000000000011111000000110000000000000000001111111000000000000000000101100000000000000000000000000000111111100000111111100000111111111100000000
1111110111000111111110000000000000000000001111000000111110000000000000001100000000000000011110000000000111111100100000000000001111000000000000000000000000000011000000011111100000000000110000000000000000000000000000000111100001111111110001111111110000000000
1111111111110011111111110000000000000000011110000000001100000000000000000000000000000000011110000000001111111100000000000000011111110000000000000000000000000111111110111111110000000000000000000000000111111000000000000000000001111111111001111111000000000000
1111111111111111111111000011000000000000000000000110000000000000000000000000000000000000111100100000000111110000000000000001111111111100000000000000000000000111111110011111111000000000000000000000010111110111100000000000000001111111100000111100000000000000
0001111111000001111110111111101001110000000000011111111000000000000000000000000000000000111111110000000000000000000000000011111111100000000000000000000000000111000000111111111000000000000000000000111111111111110000111111000000111111000000000000000000000000
0000011111111000001100111111100011111100001111111111111100000000000000000000000000000000111111111011100000000000000000000011111110000000000000000000000000000000000000001111110000000000000000000000000111111111110000001110000111111111100000000000000000000000
0000001110000000011110011100000111111100011111111111111110000000000000111111000000000000011111110011100000000000001100011111111111111000000000000000000000000000000000000000000000000000000000000000000001011111100001111111000111000000000000000000000000000000
0000000000000000011100000000000111111110011111111111111000000000000001111111100011000000000000000000000000000000000110011111111111111000000000110000000000000000000000000000000001110011110000000000000000111111110000111110000111011100000000000000000000000000
0000000000001100000000000000000011111110001111111110000000000011110001111111100011000000000000000000111111110000000000001111111111111111000000110000000000000011111001111000011111111011110000000000000000111011110001111111000000010000000000000000000000000000
0000000000000000000000000000000001111111110001111111000000000001110000111111000000000000000000011111111111111000000000000111111111110110000000000000000000000011111000111111111111111100000000000000111100000000000011111111100000000000000000000000000000000000
0000111000000000000000000000000011111111110001111110011100011111111110000011100000000000000000001111111111100000000000000000001111000000000000000000000000000000000111111111111111111000000000000001111100000000000001111111100000000000000000000000000000000000
0101111110000000000000000000000000001111111100000000011111111111111110000011100000000000000000111111111111110000011110001111100000000000000000000000000000000000001111111111111111111111111001111001110000000000000000000011110000000000000000000000000000001111
1111111111000000000000000000011111111111111000000000001111111111111111000000000110000000000000011111000000000000111111011111000000000000000000000000000000000000000111111111111100000111111101111100000000000110000000000111100000000000000000000000000000111111
1111111111000000000000000000111111111110000000000000011111110011111110000000000000000000000111000000000100000000011100001111100000111000000000000000000000000000000011111111111111001111111101111100000000001111111000000000000000000000000000000000100000011111
1101111110000000001110000000000111111111000000000000000001111001111100000000000000000000001111110000000000000000000000011111000001110011100000000000111100000000111111111111111110000111011100111100000000000001110000000000000000000000000000000000000000111111
1100111000000000011111100100001111111110000000000000000011111001111111001111000000111001111111111000000000000000000000000000000000000001000000000000011000000000011111111111111000000000000011000000000000000000000000000000000000000000000000000111111000000000
0000000000000000111111110000000011100000000000000000000000000001111110001111111111110000111111111000000000000000000000000000000000000000000000000000000000000001111111111111111111110000000011000000000000000000000000000000000000000000001110001111111100000000
0000000000000000011111110000000000000000000000000001000000000011110000000000111111111111111111110001111110001111000000000000000000000000000000000000000000000000111111110000111111000000000000000000000000000000000000000000000000000111111111001111111111110110
0000000000000000001111111100000000000000000000000011100000000000000000000011111111111111110001111111111111101111000000000000000000000000000000000000000000000000000000000000111111111110000000000000000000000000000000000000000000000011111111100111111110000000
0000010000000000001111111111110000000000000001111100000000000000000000000011111111111111111100011111111100000000000000000000000000000000000000000000000000111111110000000000011000000000000000000000000000000000000000000000000000001111111110000000000000000000
0000000000000001111111111111111000000000001011111110000000000000000000000111111111111111111000111111111110000000000000000000000000000000000000000000000001111111100000000000000000000110000000000000000000000000000000000000000000000111111111000000000000000000
0000000000000011111111111111111010000000000011111110000000000000000000000111111111100000000001111001111000001000011100000000001111111100110000000000000001111111111100010000000000000000000000000000000000000000001000000000000001111111111000000000000011000000
0000000000000011111111111111110000000000000011111111001100000000000000000111111111110000011100000000000000000000111111110000000111111111111000000000000000111111111000001000000000000000000000000000000000000000000000000000000000111111110000000000000001100000
0000000000000001111110001111000000000000000011111100001100000000000000000001111001110000001110000000000000000000000011100000001111111111111000000000111111110000000000000000000000111111100000000011111100000000000000000000000000001111100111000000000000000000
0000000000001111110000011100000000000000000001111000000000000001000111000000000000000000000000000000000000000000000000000000000011111111100000000011111111111100000110000000000001111111000000001111111110000000000000000000000000000011111111111000000000000000
0000000001111111111100011100000000000000000111111100000000000000000111100011110000000000000000000000000000000000000000000000000001111100000111100111111111111000000000000000001111111111100000001111111000000000000000000000011111100011111111111111100000000000
0000000000111111111100000000100000000000000011111110000000000000000000000111111100000000000000000000000000000000000000000011111111110000000011100000111111111100001111111100000111111111000000000111111100000000000000000000111111111111111111100000000000000000
0000011111111110000000001111000000000000000000000000000000000000000000000001111000000000011111000000000000000000000000001111111111111000000011101000001111111000001111111000000000000000000000000001111111000001111000000000011111111111111111110000000000000000
0000000111111101111000011111000000000000000000000000000000000000000000000000000000000011111111110000000000000000000000011111111111111000000000000000000000000000000011111100000000000000000011111111111111000011111100000001111111111111110011100000000000000000
0000000000001111111110001110000111101000000000000000000000111000000000000000000000000001111111110000000000000000000000001111111100111000000000000000000000000000111111111000000000000000000111111111111100000011111100000000111000111111111111100111111110000000
0000000001111111111000000000000011100000000000000000000000111000000000000000000000001111111111100000000000000000000000000111111110000000000000000000000000011111111110011111000000000000001111111111111110000011111000000000000001111111111110001111111111100000
0000000000111111110001100000000000000000000000000000000000111000000001110110000000011111110011000000000100000000000000001111111110000000000000000000000000011111111111001111111000000000000011111100000000100000000000000000000001111111111111001111111111111000
0000000000000110000000000000000000000000000000000000000000000000000011111111110000000011111000000000001110000000000000000011000001110000000000000000000000001111110000011111111110010000000000000011100000000000000000000000001111111111111110000111111000000000
0000000000000000000000000000000000000000000000000000000000000000000011111111000000000000000000000000000000000000000000000000011111111000000000000000011110011111111001111111100000000000000000000001000000000000000000000000000011111111110000110000000000000000
0000001111111000000000000000001100000000000000000000000000000000000000111000000001111111000000000000000000000000010000000000001110000001111100000000111111111000000000111000000000000000000000000000000000000000000000000000000001111111111000110000000000000000
0000011111111000000000000000000000000000000000000000000000000000000000000000000011111110000000000000000000000000000000000000000000000111111110000011111111111100000000000000000000000000000000000000000000000000000000000000000000111111110000000000000000000000
0000011111110000000000000000000000000000000000000000000000000000000000000000000011111111000000000000000000000000000000000000001111000111001110011111111111111100000000111111000000000000000000000000000000000000000000000000000000000000000000000000000000000000
