0000000000000000011110000100000000000000000000000000000000000000000000000000000000000000000000000000110110100000011110000000000000000000000100000000000000000000000000000000000000000001001100000000000000001110000100000110110000000000000000000000000000000000
1100000000000100011110001100100000000110000000000000000000011000001110000000000000000011000000000000001001111100011100000000000001000000001100000000000000000010000001100000000000000000000000000000000000111100000000000111110000000000000000000000000000000000
0110000000000000011100000000110000000000000000000000000000001000000000000000000000010011100000000000001011111000000000000000000011000000000000000000000000000000001111000000000000000000100000000000000000011000000000011111111000000000000000000000000100000000
0111000000000000011100100000000000000000000000000000000000000000000000000000000000111100011000000000011111111000100001110000001111100000000000000000000000000001111111000000001100000001111100000000000000000000000001111111111100000000000000000000001100000000
1111000000000000011111111000010000000000000000000000000000000000000000000000000000000000001000000000011111111000011011110000000000110000000000000000000000000011111000000000000000010001100100000000000000000100000001111111111110000000000000000000000001000000
1111000000000000111111111000000000000000000000000000000000000000000000000000000000000000000000000000011111111000011111111000100001111100000000000000000000000010000000000000000000000010000000000000000110000110100011111111111100111000000000010001100000000000
1111110000000001100111111000000000000000000000000000000000000000000000000000000000000000000000000000011111101100101111111110000001111100000000000000000000000000011000000000000000000111110000010001110000000000000001101111111110000000000000000001111000000000
0011110000011111000011111000000000000000000000000000000000000000000000000000000000000000000000000000001111101111000111111111000000111111100000000000000000000000110100000000000000001111100000000001111000000000001000000001110000000000000000000000111100000000
0011101100000000000000100000000000000000000000000000000000000000000000000001000000000000000000000000001111111111101111111111000011111110000001000000000000000000000000000000000000000111000000000001000000000000000000000001010000000000000000000000011100000000
1111001110000001110000000000000000000000000000000000000000000000000010001101100000000000000000010001110111111111111111100111000011111100000001100000000000000000000000000000000001000110000000000000000000000000000000000000001000000000000000000000001100000000
1110001111000011110000000000000000000000000000000000000000000000000000011111100000000000000000110001101111111111111111000011000111111111000100000000000000000000000000000000000011100100000000000000000000000000000000000000000000000100000000000000000000000000
0000111100111011010000100000000000000000000000000000000000000000000000000011000000000000000000110001111111111111111110000001100111111111000100000000000000000000000000000000000000000000000000000000000000000000000100000000000000000010000000000000000000000000
0001111100010011000001100000000000000000000000000000000000000000000000000001000000000000000001111011110011111111111110000110000011111111111100000100000000000000000000000000000000000000000000000000000000000000000100000000000000000000000000000000000000000000
0111111110000000000011111000000000000000000000000000000000001010000000000000000000000000000000000011111011110111111100000110000000000111111000000000000000000000000000000000000000000000000000000000000000000000000100000000000000001101110000000000000000000000
0101101000000100000011111000000000000000000000000000000000000000000000000000000000000000000000010111110001111010001111000110000111000000111011000000000000000000000000000000000000000000000110000000000000000001101100000000000000000111000000000000000000000100
1100100000000010000001111110000000000000000000000000000000000000000000000001000000000000000000000110010001111110001111000111100111100000011111000000000100000000000000000000000000000000010010000000000000000001001110011000000000000110000000000000000000001100
0000000000000011000011101111000000000000000000000000000000000000000000000001000000000000000000000000010011111110010000000001000001000100111011000000000000000000000000000000000000000000000000000000000000000001011011011011001100000000000000000000000000000000
0000000001000111011010000111000000000000000000000000000000000000000000000000000000000000000000000000000011110000110000000001001000000111111110000000000000000000000000000000000000000000000000000000000000000000011111010001111111000000000000000000000000000000
0000000001000110110000000100000000111001000000000000000000000000000000000110000000000000000000000000000110111110010000000000000000000001111110000000000000000000000000000000000000000000000000000000000000000000011111111011101111000000000000000001000000000000
0000000000001101101000010000001000001100000000000000000000000000000000000111000000000000000000000000000100111111110000100000000000000000001100000100000000000000000000000000000000000000000000000000001000001100011111111111111111100000000000000000001000001100
0000000000000001101110010000001100000100000000000000000000000000000000000010010100000000000000000000000000001110000001100000000000010000011100000100000000000000000000000000000000000000000000000000000000000100011111111111111111100000000100010000000000000000
0000000000100000111111110000001101100010000000000000000000000000000000010011111100000000000000000000000000011110000000000000000000001010011000000000000000000000000000000000000000000000000000000000000000000000011111111110011111111000000000011000000000000000
0000000001000000010011000000001110000000000000000000000000000000000000000011100000000000010000000000000001011000000000000000000001111110000000000000000000000000000000000000000000000000000000000000000000000011111111111110000111110000000000000000000000000000
0000000001001111000011000000000110001000000000000000000000000000000000000000000000100001111000000000000001111000000000101000000001111101100000000000000000000000000000000000000000000000000000000000000000011111111001011110000001110000000000000000000000000000
0000000001000001000111101110000001001000000000000000000000000000000000110000110000010000000000000000000000100000000000000000000000001111000000000000000000000000000000000000000000000000000000000000000000011111101011111111000001110001000000000000000000000000
0000000000000001111111111111111111110000000000000000000000000000000001111111110011011000000000000000000000000000000000000000000000000111000000000000000000000000000000000000010000000000000000000000000010011111000111010010000011011001100000000000110000100000
0000000100000001100111111011101111111100000000000000000000000000000011111111000011111000000000000000000000000000000000000000000000000001000000000000000000000000000100000000010000000000000000000000000100111110111000000000000000000111100101000000000000000000
0000111110000111100001110011011110011000000000000000000000000000011111010111000001110000000000000000000000000000000000000000010000011001000000000000000000000011000000000000011000000000000000000000000100111111111100000000000000000111111100000000000000000000
0000011111001111100011111000111110111000000000000000000000000000010110110010000011100000000000010000000000000000000000000000000001111011100001000000000000000000000000000000011001000000000000000000000000111111111100000000000000000111101110000110000000000000
0000001111001111100011111100100000110000000000000000000000000000000110011011010111000000000000000011000000000000100011000000000011111111101111000000000000000000000000000000011111000000000000000000000000011111111000000000000000000111100011111110100000000000
0001111011111001000000000000000000000100000000000000000000000000001110000000010111100000001100000000000000000100011001000000000110111111111111000000000000000000000000000000000000000000000001000000000000000111111000000000000000010111100000001110000000000000
0101011011111000011100000000000000000100000000000000000000000001101111000000000001110000001100000000000000001100011100000000001100000111011110000000000000000000000000000010100000000000000011000000000000000111111000000000000001111011110000000011100000000000
0000011011110000011100000000000000000100000000000000000000000000000111000100000001110000001100000010000000000000000000000000000000000100001110000000000000010000000000000000000000000000011111000000000000000110000000000000000001110000000000000001100000000000
0000011111110110111111000000000000000000000000000000000000000000000001111100000001011000111110000000000000000000000000000011000000000000000000000000000000111000000000000000000000000000001111100000000000001110000000000000000000000000000011011111000111000000
0000011111110000111111000000000000000000000000000000000000000000010111111100000000001100111100000100000000000000000000010000010000000000000000000000000000011000000000000001000000000000001111111100000000001110000000000000000000000000000000000111111110000000
0000000111000000111100000000000000000000000000010000000000000000111111111100000000000111111000000000000001100000000000110000000000000000000001000000000000011000000000010011000000000000001111110110011000000100000000000000000000110000000000000001111111000000
0000000111111111100000000000000000100000000000000000000000000000000011111100000000000001001100000000000000000001000000000000000000000000000001110000000000111000000000010001000000000000111011110100010000000000000000000000000000110000000100011011111111000000
0000111100111111000000000000000001100000000110000010000000000000000001111000000000000000001110000000100000000001000000000000000000000100100001111000011111111110000000010000000000000000111110000000010110000000000000000000000000000000001111110011001100000111
0000011111111111000000100000000000000000000111000000000000010000000000000000000000000001000110000011100000011011111010000000000000000110110111100000111111111100000000000000000000000000011100000001111000000000000000000100000001100000001111111000001111111111
0000111111001111100111110000000000000000000001100000000000010000001000000000001000000111100100100011100000111111111111000000000000000110000110000000111101111000000000000000000000000000000000000001110000000000000000100110000001100000111111111101111111110111
0000111111101111111111111001000000000000000000100000000000110000010000010000000000000111100110111111000000001100000000000000010001000000000100000000010000111000000000000000000000000000000100000011000000000000000000000000000000000000011011111001000010000110
0000111011111111111001111111100010000000100111110000000000111000000001110110000000000111110111111110000000000000000000011100000000000000000000000000000001110001000000000100000000000010011100000100000000000000000000000000000000000000010000110001000000011111
1111111011111111111111111111100000000000000010010001000001111011000001101100000000011111111111111110000000000000000000000100001000000000000000000000000000000011100000000000000000010001000000000100000000000000000000000001000000000000010000000001100100011111
1111011011111111111111111111111000000000000000001000000110011110000001111000000111111111011111111110000000000000000000100000011111100000111000000000000000001111100000000000000000010000000000010100000000000000000000000001000000000000010110000000000000010111
0000110001101111111010111111110000000000000000000000000110011110000001101000000001001111110011101111110000000000000001100100011100000000011100000000000000111111000000000000000000000000000000010000011000000000000000000100000000000000011110000000000000001111
0000110000001111111000111111110011000000000000000111001100000111110011111000000000000011110000011111111000000000000001100100000000000000000111000110000011111111000000000100000100000000000000001000111110000000000011110000000000000000001100000000000000000110
0001110000011011110000001000111000000000000000001111001110011111110011111000000000000011100000010111111000000000000011100100000000000100001111010110000000111110000000000000000100000000000001000000101001000000000011111000000000000000001111010000000000000100
0000000000001111100000011000111000000000000000001100001110011101111001111000000000000001000000000001110000000000000011000000000100001100000000000110000001111100000000000000000000000000000001100011000001100000000001111000000000000000000111000000000000110111
0000011100000111000001111011111100000000000000000000000000001111000001100000000000001110110000010001000000000000000001110000000100000000000001000100000001111000010000000000000000000000000000000001000000100000000011110000000000000000000000000000000000110000
0001111000100000000011111111111000000000000010100000000000000110000000000000000000011110000000010000000000000000000001111000000000000000000011111100000001111000000000000000000000000000000000001011100000010000000111110001100000000000000000000000000000011000
0001011011000001000011110000111000000000000000000100000000001100000000000000000000011110000000000000000000000000000001000000000000000000000001000000000000110000000000000000000000000000000000010011000000111001000110111101010000000000000000000000000001111100
0010000000000001100000100011001100000010000000000100000000000100000000000000000000000000000000000000000000000000000000000000000000000000000000000000000110110000000000000000000000000000000011110001100000111111000111111111000000000000000000000000000000100000
0000010000000000000000010011101100000001000100000000000000000000000000000000000000000011000000000000000000000000000000000000000000000000000000111100111100010000000000000000000000000000000001000011000001000100000111111111000000000000000000000100000000000000
0000000000000000000000011111100110000001000000000000000010000010000000000000001100001011100000000000000000000000000000001100000010000000000001111111111100111100000000000000000000000000000000000011000011000100000101000000000000000000000000000000000000000000
0000000000000000000000000011100100000000000000000000000010000000010000000000010000000011000000000000000000000000000000000100000001111011100000111111111111010000000000000000000000000000000000000011100111000100000001011000000000000000000000000000000000000000
0000000000000000000000000000000000000000000000000000001000001000000110000000110000000000000000000000000000000000000000000000001001111111111000111111111111000000000000000000000000000000000000000001100000000000000000011100000000000000000000000000000000000000
0001000000000000011001000110000000000000000001000000000001000000001100000000000000010000000000000000000000000000000000000000000001111111110001111111111111000110000000000000000000000000001000000011000000000000000001100000000000000000000000000000000000000000
0011100100000000111111111110000000000000000001000000000011000000001110000000000100111000000000000000000000100000000000000000000011011100000111111111111110001111000000000000000000000000011111000111000000000010000001000000000000000000000000000000000000000000
0011000100000000111111111110000000000000000000000000000001000000000111000000000000001000000000000000000000000000000000000000000001111110111111100100111100011111110000000000000000000000001111000111000000000000000001000000000001000000000000000000000000000000
0000000000100000111111000000100000000000000000100000000000000000000000111111000100000011000000000000000100000000000000000000000001111111111110000110111100011111000000000000000000000000001110000001000000000011110000000000000000000000000000000000000000000111
0000000000000000111111101001000000000000000000000000000000000000000000000001000100000000000000000000001100000000000000000000000001111011111110000110001100000000000000000000000000000000011100000010000000000000000000000000000000000000000000000000000100000011
0010000000000001111100001111001100000000000000000001111000000000000000000000001100000000000000000000011100000000000000000000000001011001111100001110000110000001000000000000000000000100111100001000000000000000000011111110000000000000000000000000000100000001
0000000000000001100000000001101110000000000000000011110000000000000000000000000000000000000000000000010000000100000000000100000001100001111100001110000111001000000000000000000000000000000000001000000000000000000100111010000000000000000000000000000100000001
1000000000000001100000000111000110000000000000100111111000000000000000000000000000000000000000000000010000000000000000000000000001100000111100011100000111111110000000000000000000000000000000000000000000000000101100100110000000000100000000000000001000100001
0000000000000000000000001111100000000000000000000011110000000000000000000000000000000000000000000000110000100000000000000000000000100000001111110010000011111000000000000000000000000000000000000000010000000011001110001111000000000000000000000000011001000000
0000000000000000000010101111100000000000000010000000110010111110000000000000000000000000000000000000110111110000000000000000000000100000000111110010000111100000000000000000000000000000000000000000011000000011111111101111100000000000000000000000001011110000
0000000000000000000000111111110000000000000000000000111110111100000000000000000000000000000000000100111111000000000000000000000000000000000111110000010111100100000000000000000000000000010000000000000000000011111111111111111000000000000000000000011011111100
0000001110000000000001001111000000000000000000000000011111111100000000000000000000000000000000000110011000000000000000000000000000000000000111110000011111111110000000000000000000000110000000000000000000000001111111011111111000000000000000000011111111110000
0000000000000000000001101111000000000000000000000000111110011110000000000000000000000000000000000110110000010000000000000000000000000000000011111100001111111111000000000000000000000000000000000000000000000000111111111111111000000000000000000000000011110001
0000000000000000000001111111000000000000011000000000111000000111100000000000000000000000000000001110000001111110000000000000010000000000000011111100000111000111000000000000000000000000000000000000000000110000011111111111111000000000000011001000000000010000
0000000000000001000000000000010000000000000000000000111000101100000000000000000000000000001000000110010000111110000000000000000000000000000010000100000001111010000000000000000000000000000000000000000000110000011111111111111111000010000001000000000000110000
0000000000000001000000000000000000000000000000010001110011111000000000000000000000000000001000000000110110011000000000000000000000000000000110000100000011111000000000000000000000000000000000000000110000000001111111111111111111011011000000000000000000111100
0000000100010000000000000000001000000000000000000001000011111000000000000000000000000000001100000011100010110001000000000000000000000000000000000100000111111100000000000000000000000000000000000000000001110001111111111110111111000011000000000000000000111100
0110001111110100001101110000001100000000000000000000001111110010010000000000000000000000000100001111001100000000000000000000000000000000000000000100001100111100100000000000000000000000000000000000000001111000010011110111111110001110000000000000000001111000
1100011111100101101111000000011100000000000000011100000111110000000000000000000000000000000000000111100110010000000000000000000000000000000000000000000111111000000000011100000000000000000000000000000001000000011110110111111110110000000000000000000011111000
1100000001111100110001000000000100000000000000011110000000111000000000000000000000000000000000110000101111110000001000000000000000000000000000000000000011111000000000000000000000000000000000000000000000000000011000011111111111110000000000000000000011111011
1011101111110000010000000000000100000000000000010010000100111001000000000000000000000000000000010000000111110000000000000000000000000000000000000000000000110000000000000000000000000000000000000000000000010000010000000001111111111100000000000000000001110000
0011111101110000011000000000001000000000000000000011100000010011000001000000000000000000000000110000000001110000000000000000000000000000000000000011000000011000000000000000000000000000000000000000000000001100000000000000111111111100000000000000000001001000
0111111001110000000000000000000000000000000000000001100001111011110000000000000000000000000011100000000000011000000000000000000000000000000000000111100000010000010000000000000000000000000000000000000000000000000000000101111101001011000000000000000000000000
1111110001100000000000000001000000000000000000000000000111111110010000000000000000000000000111000000000000001100000000000000100000000000000000000000000000110000001000000000000000000000000000000000000000000000000000000111110000000111100000000110000000000010
0000000001000000000000000000000000000000000000010000000011111110000000000000000000000000000111100000000000000100000000000000000000000000000000000110000001111000000000000000000000000000000000000000000000000000000000000010111000011011000000000010000000000011
0000000000000000000000100000000000000000000000000001111011111111000000000000000001001100000001110000000000000000000000000000000000000000000000000110000011111001000000000000010000000001000000000000000000000000011000000001110111000011000000000000000000011111
0000000000000000010000000001110000000000000000001000011011111111000000000000000001000000000111111000000000000000000000000000000000000000000000001100000111111000000000000100000000000001000000000000000000000000011110110011101100001111100000000000000100011011
0000000000000000001000000111110000000000000000111000011011110111100000000000000001100000001111011000000000000100000000000000000000000110110000001111000000000010000000000100000000000001000000000000000000000010001110011111011100001110001000111000000000000000
0000010000000000000000000000000000000000000000000000111011111111100000000000000001110000001111101001000000000000011000000000000000000000000000000001111100000000000000000000000000000000000000000000000000000010101100000100000100000110000001110000010000000100
0000001000000000000000000000000000000000000000000000011111111110000000000000000001111001111110011000110000000000111000000000000000000000000000000011011000000000000000000000000000000000000000000000000000000001100000000000000000011110000011000000010000000100
0000000001000000000000000000000001000000000000000001001111111110000000000000000000000001111100011000111000000000000000000000000001000000000100010011110000000000000000000000000001000000000000000000000000000011110000000000000000000000000000000000110000000000
0000000000000000000000000000011000000000000000000111111111111110000000000000000000000000000000010110011000000000000000000000000000000000000000010001100000000000000000000000000001100000000000000000000000000001100001110000000100000000001000000110110000000000
0000000000000000000000000000011100000000000000000111111111111111000000000110000000000000000000000000010000000000000000000000000000010000000000010001100100000000000000000000000001000000000000000001000000000000000000000000000000000000011100000000000000000010
0000000000000000000000001110111100000000000000000111111111111111000000000111000000000000000000000000000000000000000000000000000000000000000000000000000100000000000000010000000000011000000000000001110000000000000000000000000000011000000110000000000000011111
0000000000000000000000011110000000000000000000001111111111111110100000000011000000000000000000000000000000000000000000010100000000000000000000000000000000000000000000010000000000010000000000000000000000000000000010000000000000011011100001000000000000011111
0000000000000000000100011110000000000000000000001111111111111111110000000011000000000000000000000000000000000000000000111000000000000000000000000000000000000000000000000000000000000000000000000000000000010000000010110000000000010011100000000000000000000111
0000000000000000000100011111100000000000000000000110111111111111110000010110000000000000000000000000000000000000000000010000000100000000000000000000010011010000000000000000000000000000000000000000000000000000000000000000000000010001000000000000000000000111
0000000000000000000110011011111000000000000000000100000000110111010000111110000000000000000000000011000000000000000011000001000000000000000000000000111111111100000110000000010000000000000000000000000000000000000000000000000010000011000000000000000000111100
0000000000000000000110010011110000000000000000000000000000011110000010000111000000000000000000000111100000000000000011100100001011000000000000000000011111111100000000000000001011000000000000000000010000000000000000000000000010000000000000000000000100000000
0000000000000000001100110011100000000000000000000110001110011110100000000001000000000000000000011001001000000000001101101000000011000000000000000000000100000110000000000000000011100000000000000000000000000000000001100000000000001100000100000000000010000000
0100100100000000001111111011100100000000000000000100011100000100000000000001000000000000000000000000111100000000000111101000000000000000000000000000011100010000000000000000010000000100000000000100100000000000000001000000000000000110000000000000000000000000
1110011100000001111110111001001100000000000000000100111100000000000000000110000000000000000000000000110100000110000011000110000000000000000010000000011111010000000011000000011100011100010000000111111000000000000000000000000000000111000000000010000000001000
1111111000000000111110111111001110000000000000000100111100000000000000000000000000000000000000000000011100000000000111111100000000000000000001000100011001000000000001100001000000011110110000000001111111000000000000000000000000000110000000000000000000001111
0111110010000001111110001110000110000000000000000100001111110000000000000000000000000000000000000000011110000000001111111110000000000000000000000000000000000010000001111111000000111110111110000000001111000000000000100000000001000110001000000000000000001111
0110001111101111111111100100011100000000000000000000001111100000000000000000000000000000000100000001111100000000000110011110000000000000000000000001000000000000000101100011000000000100011000111001111111000000000000000000000000000100010000100000000000000100
1110001111111111111111000000000100000000000000000000111101000000000000000000000000000100000100100011110000000010001100000010000000000000000000000001000000011101100111100011100000001100010000111111111101100000000000000000000000000000100000000000000000000000
0000000111111111111111110000000000000000000000000000001001000000000000000000000000000000000100011111110000000000000001000011000000000000000000000000000000001111111100000011111100001111110000111111111100000000000000000000000000000000111100010000000000000000
1000100011111111111111111110000010000000000000000000001000001100000000000000000000000000000000001101111001100000000011001000100000001100000000000000000100000111111110000011111100011100111000111100000100000000000000000000000001100000001000000000000000000000
0000000011111110111111111010000000000000000001100100000100000000000000000000000000000000000000000001111000000000011011000000000100000000000000000000000100000000111011010111101111011111111110111100011000000000000000000001000001000000000000000000000000000000
0000000011110111111111010000000000000000000011111100000010000000000000000000000000000000000000000000011000000000000111100000000110000000001100000000000000000000111100011110001111011111111111100000011100000000000000000010000000000000000000000000000000000000
0000000011111111101111110101000000000000000001111100000000000000000000000000000000000000000000000001111111100000001111100000001111101111100000000000000000000001111111000000011111111111111111100000000100000000000000000000000100011000000000000000000000000000
1110000011100110000011111001000000000000000001111111000000011000010000000011100000000000000000000011111111100000001111101100011111111111000100000000000000000011001111000000011100111111111110001100000000000000000000000000000100001000000000000000000000000000
1011000001101111110011111001000000000000000100111111000000000000000000000000000000000000000000000000111110010000000111101100011011000011000100000000000000000011101110000000001000011111111110111110000000000000000000000000011100000000000000000000000000000000
1001100011001111111011111110000000011000110000111001111000000000000000000000000000000000000000000110111000010010000000000110011000000000000000100000000000000001111100000000000111000001111111111110010000000000000000000000111100000000000000000000000000000000
1111100001101111110111111110000000000000111111110011110000000000000000000000000000000000000000000110111110000000000001111111111000000000111111100000000000000000000000000000000100000001111111111100000000000000000000000000001100000000000000000000000000000000
1111100001111111111110011111110000000000111111111011000000000011000000000000000000000000000000000011111110000000000001111110111000000010000110001000100000000010000011100000000000000011111110011000000000001110000000000000000000000000000000000000000000000000
0111111111111111100100001001001100001100000000100011100000010000000000000000000000000000000000000111111110000011111111111100110001100001101100000000000000000000000001100000000000000000111110010000000100000110000000000000000000000000000000000000110000000000
1111111111111111000000000001000110011100000000000001111111011001000000110010000000000000000000001111111100000011111111000000000011111001101100000000000000000000100001100000001111001111111111110000111000100100000000000000000000000000000000000000110000100000
0011111111111011000100000001001111111110000100000001101111110000000000100001100000000000000000000111101110000111111111100000011110111011000000000000000000000000000000000000000011101111111111000000010000001110000000000000000000000000000000000000110000000000
0011011111111110000000000011111111111111001110000011111111100000000001110001100000000000000000011111111110000011110111110000011100011100000000000000000000000000000000111000000001111111111110000000000010001110000000000000000000000000000000000100000000000000
0011111111101100000000000110111111111110011100011011111111100000000001100000000000000000000001111111110000010011101110110001111110110110110100000000000000000000000000000000010000111011111100000000000110010110000000000000000000000000000000000000000100010001
0011111111100000000000001110011111001100000100111111111001111100000000000000000000000000000011110111110000011011111111111001111111000111111101000000000000000000000000000000000011110000110000000000001110100111110000000000000000000000000000000000001100111011
0001111111000000000000001110111011001111111110111111111111111100000000000000000000000000000111000111110000000011111111111001111011000100010011000000000000000000000000000000000000000100000000000000000100000111000000000000000000000000000000000000011000000011
0001111100000000000000010000111011110111101110001111111111111100001111011000000001100000000111000010011011100011111111110000110000000000000111100000000000000000000000000000000000001110000000000000000000000000000000000000000000000000000000000000011000000001
1101111100000000000000010000011010010001001110011111110111111110111100010000000000000000000000000011111011111111111111110010010000000011000011100000000000000000000000000000000000000110000000000000000100000000000000000000000000000000000000000000000100000011
1101011100000000000000000000011000011000000100001110010011100111111100000011000000000000000000000111111111111111001111110011010000000011100001110000010000000000000000000000000000000100000000000000000110000000000000000000000011000010000000010000000000000000
1001000000000000000000000000000000110000000000000011000111100011111110011100100000000000010000000000101111111111101111100011100000000000000000011100000000000000000000000000000000000100000000000000000100010000000000000000110000000000000000000000000000010000
0010000000000000000000000000000000000000000000100011011111101111111110001100000000000100010000000000110111111111111111100000000000000000010000001000000000000000000000000000000000000000000000000100011100000000000000000000111000000000000000000000000000111000
1100010000000000000000000000000001000000000000000000000101001111111110000000000000000100000000000000011111111111111111111111000000000000011001000000000000000000000000000000000000000000000000000000010000000001000000000001000010010110000000000000000000110000
1100111000000000000010000000000000100000000000110000000110110000111100000000000000000000000000000000011111101111111111111111000001000000001000100000000000000000000000000011110000000000000000000000000000000000000000001000000000011111000000000000000001110000
1100011000000000000010000000000000000000000000000000000100111100010000000000000000000000000001000000011111100011111111111100000001110000000100000000000000000000000000000001111000000000000000000001000000000000000100000000000000011111100000000001000001111100
1100000000000000000001100000011100000000000000000011000100111000000001100000000000000000000001000000110000000000000111000010000011110000000000000000000000000000001000000000111100000000000000000001001110000100111111000000000000000000001000000010000000111110
0000000000000000000011000000000000000000000000000001000000000000000000100000000000000000000000000000101101000000000001000000000000000000000000000000000000000000001100010000111100000000000000000001001100001110011000000000000000110000001000000000000001101100
0000000000000000000000001110000000000000000000001000000000000000010111000000000000000000000000110000011101001000000000000000000000000000000000000010000011100000001100110010000000000000000000000000001111111110011000000000000001110000111100000000000011100000
0000000000000100000001011110000000000000000000010000000000000000000001100000000000010000000000111111111000000000000000000000000000000000000000000000000111100000011111111100000000000000000000000100000111001110001100000000000000001100001111101000000100110000
0000000001100000000011011000000011000000000000000000000000000000000001110000000000000000000000100011110000000000000000000000000000000000000000000000000111100000011111111101111100000000000000001111000011001111001111000000000000000010111111111000001000011000
0000000000100000001110011110000000000000000000010000000000000000000000110000000000000000000000010011110000000000000000000000000001000000000000000000000000111100011111111111100000000000000000000010000111001111111101110000000000000000011011111000011001000000
0000000000001000110011111110000000010000000000000000000000000000000000000000000001000000000000000010001100000000000000000000001111100000000000000000001000011110011111011111110000000011000000100000001101111111000000111010000000000000000111110000001111000000
0000000000000000010011000000000000000000000000000000000000000000000000000000000000000000000001000000000000000000000000000000000111000000000000000000000001111100000111111111100000000000000000000011100100111111111100010000000000000000111111111011111111000100
0000000000000100010000100000000000000000000000000000000000000000000000000000000000000000000000001000000100000000000000000000001100000000000000000000000001111100000001111101110000000000000010001111100110111111001100000010000000000100011111111111111100011100
0000000000000100010010110000000000000000000000000000000000000000000000000000000000000000000000000000001100000000000000000000000100000000000000000000000000111011111001111111111000000000000000100111000110111000001100000001000000000101111111111111111000000100
0000000000000100111111111110000000000000000000000000000001100000000000000000100000000000000000000000000000000000000001110000000000000011000000000000000000011111111011100111111110000000000000110000000100011100000000001101001111111101111110001110000000000011
0000000000000000010011111000000000000000000000000000000001000000111000000000000000000001000000000000000000000000000000000000000000000011100000000000000000001111111000000001111111000001000111110000000011100100100000000100001111111111111000111100000000000000
0000000000000011100001110000000000000000000000000000000001000000111000000000000000000000000000000000000000000000000000000000000000000011100000000100000000001111111000101001001110000001000111110000000001100011100000000100001111110011000000111100000000000000
0000000000000000000001100000000000000000000000000000000001110000001000000000000000000000000000000000000000000000000000000000000000000011100000000100000000000111111111101111101110010000000001100000000001000001000000000100011011101001001011111000000000000000
0011000000000000000001100000000000000000000000000001100001110000000110000000000000000000000000000000000000000000000000000000000000000001100000000000000000000111001111111111111100000000000000111000000000000000000000000000010110011000011111001001100000100000
1011100000000001100000000000000000000000000000000001111001000000011100000001000000000000000000000000000000000000000000000000000000000000000001000000000000001100011011111111111100000000000100000000000000000001000000000000010100010000011111110000000000000000
0011111000000011000000000000000000000000000000000011011100000010000000000001000000000000000000000000000000000000000000000000000000000000000000000000000000010000110011111111110010001000000000110000000000000011000000000000100000111110111111110000000100000000
0000010000000000000001000100010000000000000000000001111110000000000000000011000000000000000000000001000000000000000000000000000000000000000000000000000000000000010000111111110001000000000000110000000000000001000000000000000001111110111111100000011100000000
0000000000000100000011101101111000000000000000000001101110000000000000000000000000000000000000000111100001110000001100000000000000100100000000000000000000000000011000000111111000000000000001110000000011000010000000000000000111111111111000000000011000000000
0000000000000100000111100111111001100000000000000001101110000000000000000000000000000000000000001111110000110000001110000000000000000000000000000000000000000000000000001110111000000010110011100000000111100000000000000000000000111111111100010000010000000000
0000000000000000011001100011111111100000000000000111111110000000000000000000000000000000000000111101100000011001101100000000000000000000000000000000000000000000000001111110110000000111000001000000000000111100000000000000000000111111111110011000000010000010
0000000000000000000001011011111111110000000000001111111110000000000000000000000000000000000000000000101011000000111011000000000000000000000000000000000000000000000001111111111001000111000000000000000001110000000000000000000000111111111110111011100000000010
0000000000000000000000001111000011100000000001011101111100001000000000000000000000000000000000000000011011000000011111100000000000000000000000000000000000000000000011111111111000000111100000000000111011100000000000000000000001101100011111111111110010000010
0000000000000000000000001111110001100000000001011011111111111110000000000000000000000000000000000000011011000000000110000000000000000000000010000000000000000000000001111111111000010010100000000000010000000000111000000000000000001100111111111011100000000000
0000000000000001000000100111100001100000000000000001111111111110000000000000000000000000000000000000011000000110000000000000000000000000000011100000000000000000000000111111111111111011110000000000000000000000111000000000000000000111111111111000001000000000
0000000000000011000000000111100001000000000000000000111000010000000000000000000000000000001100000001011000000111000000110000000000000000000001000000000000000000000000011111111111111001111000000000000000000000000000000000000000000000101111111001000000000000
0000000000000110000000100001000001000000000000000000011000000000000000000000000000000000111111110011111000000001000010110000000000000000100000000000000000000000000010001111111111111110000010000000110001100000000000000000000000000000000110111111100000100000
0000000000000100000000000000000000000000000000000000000000000000000000000000000000000000111111111011000000000011000000000000000000000000000000000000000000000000000000001111111111101100000001100000010001000000000000000000000001000000000100111110111100000000
1101100000000100010000001110000000000000000000000000000000110000000000000000000000000000011111011111000000001111100000000000001000000000000001100000000000000000011000000010111111100000110001111000000000000000000000000000001100000000001100000111111100000000
0000000000000100010001000110000000000000000000000010000000000000000000000000000000000000011111000000000000000000000000110000000000000000000000000000000000000000011110000110111111111010000011111000000000000000000000000000001100000000011110001110000000000000
0000000001100010110001100001111000000000000000000000000000000000000000000000000000000000111100100000000000000000000011111000000000000000000000000000000000000000011100001111111111011110001101111100000000000000000000000000011000000000111100001100000000010000
1100000000111111111001000011110000000000000000000000100000000000000000000000000000000000000110000000000000000000000011100000000000000000000000000000000000000000011110011110111111110100000111111100000000000000000000000000110000000001101000011110010000010000
1100000000111111111100000011000000000000000000001100100110000000011000000000000000000000000111000000000000000000000001100000000010000000000000000000000000000000111110001111111111000000000111100010000000000000000000000000010000000000100011111111111000010000
0000000000001101001100111011100000000000000000000000001111100000010000000000010000000000000111000000000000000010000100000000000000000000000000000000000000000000001110001111100000000000001110000000000000000000000000000000010000000000000011000111000100000000
0000000000000000011100110001100000000000000000000000011101110000000000000000110001000000001111001000000000000010000110000000001000000000011000000000000000000000000000011101000000000000111110000000000000000000000000000000000000000001000011000010000000000000
0000000000000001111100111111100000000000000000000000011111110000000100000100010000000000101011000000000000000000000000011000000000010000011001000000000000000000000011111111100000000000111110000000000000010000000000000000000000000001101101000010000110000000
0000000000000111111100011111110000000000010000000000111111100011110000000000000000000000100111000000000000001000010000000000011000111110011000000000000000000000000001110111100000000000011000000000000000000000000000000000000000000011111100011011111111000000
0000000000000111101110111111110000000000000000000000111111110000000000000000000001110000001111000000000000000000011000000000011100001000000000000000000000000000000000000000000000000000000000000000000000000000000000000000000000000110101100000011101110000000
0000000000000100001111110001111000000000000000000001111111111000000000000000000001110000001000001000000000000001011110000000000010000000100000000000000000000000000000000000001111000000000000000000001100000000000000000000000000001100001100000011011100000000
0000000000000100111111111111000000000000000000000001111111110000000000000000000000110000000000000000000001101001111000000000011010111100010000000000000000000000000000000001000111000000000000000000001100000000000000000000000000011100000100001000111110000000
0000000000000001110001011111000000000011100010001000011111000000000000000000000000001000000001100000000011000001100000000100011001111000000000000000000000000100100000000011000000110000000000100000100000000000000000000000001000110000000000011100111110000000
0000000000000000000001001011111100000000000000000000011111000000000000000000000001000000000001100000000000110000000001001110111111111000000000000000000000000100000000000110000000000000000100000000000000000000000000000000000000101101000000011000111000000000
1000000000111000000000000011111110000000000001100000011111100010000000000000000000000001111000000000000000111100000011111111111000000000000000000000000000000100000011000000010000000000001110000000001000000000000000100000000011101100011100000011111010000000
0001111110000000000000000111111000000000000001000000000000000100000000000000000000000001101011100000000000101100000000010011111000000000000000000000000000000100001111000110000000000000011111111100000000000000000000000000000000011100000100000001111000000000
0000001111000000000000011111100000000000000000000000000000000000000000000000000000000100000111101000000011110000111110111110010000000000000000000000000000000000111100000111100000000000111111111111000000000000000000000000000000011110000000000001111000000011
0101101100000000000000000111000000000000000000000000000000000000000000000000000000000100000000000000010011111001010011111110010000000000000000000000000000000000111000000011000000000000010010111111000000000000000000000000000000000000000000000011111111000000
0100000100000000000000000000000000000000000000000000000000000000000000000000000000000000000000000000011001001100000111001100110000000000000001000000000000000000011110001111001110001000000010000000000010000000000000000111011000000000000000011111001111000000
0000000000000000000000000000000000000000000000000000000000000000000000000000000000000000000000000111111111100101101111100001110000000000000000000000000000000000000100001011000111100001000000001100000000000000000000000000000000010000000000011011101111100001
0000000000001100000000011110000000000000000000000000000000111000000000000000001100000001000000001111111111111101111111110010111100000000000100000000000000000000000000000000100001100001110000001111000000000000000000000000000000010010000000001000000100110001
0000000000000100000000000000000000000000000000000000000000110000000000000000001000111001000000000111111111110000000000110000110000000000000111000000000000000000000000000000010001111011010000000000000000000000000000000000000000010001000001000011000110111011
0000000000000110001000000000000000000000000000000000000001111001000000000000000000111100000000000011111110000000000000011000000111000000000011100000000000000000000000011111000000011111001110000000000000000000011000000000000000000001000111110011001111111111
0000000000011110000000000000000000000000000000000000000000111011100000000000000101111000000000001111111110000000000001110000011111100100000011100000000100000000000000000000000000000100000110000000000000000000000001000000000000000000000010010001000011111111
0000000000001111000010000000000000000000000000000000000000111111000000100010000101100000000011111111111111110000000000000000111111110000000001101110001100000000000000000000000000000000000000000000000000000000000000000000000000000000000000000000000011111111
0000000000000111111000000000000000000000000000000000000000111111000000111111111111100000000000011111111110000000000000000000011011110000000011111110000000000000000000000000000000000100000000000000000000000000000000000000000000000100000000000000000111101111
0000000000000011111100000000000000000000000000000000000011110101000011011111111111100000000000001000111100000000000000000000001001100000000011111100000000000000000000001111000000001111000001100000000000000000000000000000000000000110010000010001100111111100
0000000000000011111100000000000000000000000000000000000011111110000001111111111111101100000000000001000011000000000000000000000011000100000011111111000000000000001001000001000000001101000000001100000000000000000000000000000000001100010000010011111111111110
0000001111000000000100000000000000000000000000000000000001000111000000110111111111111100000000000011000000010000000000000000000000001110000011111110000000000000001100000001100000000000000000000000000000000000000000000000000000001110000000010011111100011100
0000000000000000001100000000000000000000000000000000000000010000000000010011111111000000000000000011000000000000000000000000000000001111010011111100000000000000000100000000010011111001000000000000010000011111000000000000000000000000010000010011111011111000
0000000000011110001000000000000000001110000000000000000000010000000001010011101100000001001000000011000000000000000000000000000000001111111111111000000011000000000110000000000011111000000000000000000000111111100000000000000000000000000000011111011111000000
0000000100011000000000000000000000001111000000000000000000010001000000000001101100000001000000000000000000000000000000000000000000011111110100000000010000000000000100000101111011011100000000000000000100011111000000000000000010000001100000011111111000000000
0000001110010000000001100000000001001111100000000000000000000000001000000000111110000011110000000000000000000000000000000000000000001111100110000000000000000000000110000111111111000110000000000000001110000111000000000000000110000011000000111111110000000000
0000001111111000000000000000000001110000000000000000000000000000000100000000011110010011010000000000000000000000000000000000000000000111100111000001000001000000000000001110111111001100000000000001001110001110000000000001000000000001000000001111100100000000
0000101111111000000000000000000011110000000000000000000000000000000100000000001110000011110000000000100000000000000000000000000000000111111101111111001111000000000000001100011111111100000000000000011110001100000000000000000000000000001110000000001110000000
0000001111101000000000000000000010110000000001000000000000000000001101000011111001000110000000000000000000000000000000000000000000000110111111000000001110010000000000000000010100000100000000000110111111101100000000000000000000000000000000011111000000000000
0000001101000111100000000000001100111000001000000000000000000000000100000001110001100000011000000000011000000000000000000000000000100000000110000000011000111000000000000000110100001100000000001000110001111100000000000000000000000000000000000011000000110000
0000000111101111000000000000000100010000000000000000000000000000000100000001100101000000011000000000000000000000000000000000000001101110000100000000011000000110000000010000000000000000000000000000000001100100000000000000000000000000011000010011100000010000
0000100111111111101000100000000000010000111100000000000000000000000000000010000011000000111110000000100000000000000000000000000001111111111100000000011000000111000000010000001000000000000000000000000001000100000000000000000000000000011100010011100000000000
0100101111111111110011110000000000010000010000000000000000000000000000000000000011000000111110000100100100000000000000000000010000011111100000000000000001000011100000010000011000000000000000000001000000000000000000000000000100000000010000000000110000000000
0000001110111111111011111000100100010000000000000000000000000000000000000000100111100000000111110111000000000000000000000000000000011111000000110000000010101101000000000000010000000000000000000001110000000000000000000000111110000000000000000000111100000000
0100001111111111111111110110000100000000000000000000000001000000000000000000000110110000010001000110000001000000000000000000000000001111100000110000000100001111100000000000000000000000000000000000010000000000000000000001000000000000000000000000010100000000
0000111111111111111111000111000000100000000000000000000001100000000000000000001100111101100000000000000000100000000000000000000011011111010100110000000000011101100000000000000000000000000000000000000011100000000000000001100000000000000000000000000000000000
0000001011011111111111100011100000000000000001000000000000000000000000000001100100111011000000000000000000000000000000000100000011111111110000011100000000011100000000000000000000000000000000000000000011000000000000000000000000000001000000000100000000000000
0000011111110111111111100001100100000000000111000000000000000000000000000010100010000010000001110000000000001000000000000000000000111011100000111100000000000110000000000000000000000000000000000010000000000000000000000000000010000111000000000100000000000000
0010111111111111111111010010000000000000011111000000000000000000000000000000000000111110000001110000000000000000000000000000000000111001000100000000000000010000000000000100000000000000000000000001000000000000000000000000000100000100000000000000000000000000
0111011101101111111100011110000000000000111110000000000000000000000000000000000001111110000011010000000000000000000000000000000011111000000000000000000000000000000100011000000000000000000000000001100000000000000000000000000000001100000000000000000000000000
1011111111000110011110011110000000000001111110010000000000000000000000000000000011111110110011010000000000000000000000000000000001111000000000000000000000000000000000000000000100000000000000000001000000000000000000000000000001101110000100000001100000000000
1011111100000111111111100011000000100001111100100000000000000000000000000000011011111111111101000000000000000000000000000000000000111110000000000000000001100000000000000110001110000000000000000000000000000000000000000000100011111111110001100110100000000000
0000000100000111111111000011000000110000111110000000000000000000000000000000010001111011100111000000000000000000000000000000000000001111000000000000000000000000000000000000000000000000000000000000000000000000000000000000000001111011110001100000000000000000
0000000100000111111111100011000011000000001110011100000000000000000000100000000001111011100011100000000010000000000000000000100000000001111100000000000000000000000011000000000000000000000000000000000000000000000000000000000011110001111111000000000000000000
0000000100010011111111101001100000000000001110111000000000000000000010000000000000111001000000000000000000000000000000000110000000000011111100001100000000000000000011010000000000000000000000000000000000000000000000000011110000000000000000001100000000000000
0000001110011011111011111110001001110000000111111000000000000000000110000000000010000000000000000000000000000000000000000000000000000001100000001100000001100000000111000000000000000000000000000000000000000000000000000111110000000000000000001100000000000000
0100011110110011110011100000010001000000010000000000000000000000001100000000000000000000000000100000000000000000000000000000000000010011000001100000000000000001001110000000000000000000000000000000000000000000000000000110000000000100001000000000000000000000
1111111110110001111111100000000000000011111000000000001000000000111000110000000000000000000000100000000000000000000000000000000100011110000111000000000000001011001100000000000000000000000000000000000000000011001100000001000000000010000000000000000000000000
1111111110100011101111100000010000000000100000000000000000111000111000000000000000000000000000000000000001000000000000000000000100011100000000000000000000011000011110000000000000000000000000000000000000000011111100000001110000000000000000000000000000000000
1101111111000000101111000000001000100000000000000000000011111110111110000000000000000000000000000000000000000111000000000000000000000000000000000010000000100000011110110000000000000000000000000000000000000011111110000000110000000000000000100001000000000001
1111111101000110101111110000000100000000000000000000000110111100111111100000000000000000000000000000000000000000000000000000000000000000001110000000000000000000010000000000000000000000000000000000000000000110111100000000010000000000000000000000010001000001
0011111110001110011111100000000100000000000000000000111101111000111111111100000000000000000100000000000001100000000100000010000000000000011111001010001110000000010000000000000000000000000000000000000000001110001000011000000000000000000001111100011001000000
0000001110000110011111100000000100000000000100000000011011111000001111111000000000000000000000000000000001000010000100000000000000000000111111111011101110000000000000000100000000000000000000000000000111101100001100011000000100000100000000011110000111000000
1001100100000111011111100000000000000000000100000000010011011111000001000000000000000000000000010010000010001110000100000000000000000000111111111001001100000000110000000100000000000000000000000000000111110100000100000010001100000000000000001110000010000001
1011101100000000011011100000011000000000000000000000010000010011000000000000000000000000000000000000000001001110000100000000000000000000011111111001101100000000000000000000000000000000000000000000000000011000011100000111110000000000000100000011000000000000
0111111000000000000000111100011000000000000100000000000001100011000000000000000000000000000000000000011001101111100010100000000000000000001111110000101100000000010000000000000000000000000000000000000000111000111100000001100001000001100100000001110000000000
1111111000000000000100111000010000000000000000000000000000000000000000000000000000000000000000000000000001111111111000000000000000000000001111111000000000000000000000010000000000000000000000000000000001000000111000000111111000000001000100000000000000000000
1100011011100000000110011000000000000000001000000000000000000000000000000000000000000000000000000000001000111001111100000000000000000000000101111110000000100000000000011000000001000000000000000000000000000000110011000111111000011011000100110000000000000000
0100000000000000000111111000010000000000000000000000000000000000000000000000000000000000000000000000001111111001101100000000000000000000000000110000110001000000000000010000000000000000000000000000000000110000000001100010010000110011110100000000000000000000
0100000000000000111111111000000000000000000000000000111100000000000000000000000000000000000000010000111111011001111000000000001000000000000000000001110001000000001100000000000000000000000000000000000000111000100000011000000000100000110000000000000000000000
0000000000000000111111110000000001001000000000000001111111100100000000000000000000000000000000011000001111110011111001000000001000000000000000000001100001000000000000000000000000000000000000000000000000011000000000001100000000101010010000000000000100000001
0000000000000000011110001100000011111100000000000000001011111110000000000000000000000000000000000000001111100111111111001000000110000000000000011111000000000000000010000000000000000000000000000000000000000000000000000000000001011110000000000000000011101001
0000000000000000000000111100000000000000000000000000000001000000000000000000000000000000000000000000001110000111001110000000000100000000000000000001000100000000000000000000000000000000000001000000000000010000000000000000000000000000000001000000010000000001
0000000000000000000000010000100000000000000000000000000000000000000000000000000000000000000000000000000110000000000110000000000000000000000000000001100000000010001100001000000000000000000000001110000000100000000000000000000000100000000011100110011000000011
0000000000000000000000011100100000000000000000000000000000000001100000000000000000000000000000000001000000000000001111100000000000000000000000000000000000000000000000000000000000000110000000000011000011000000000000000000000000000000000011000110000000000011
0000000000000000000000011000000000000000000000000000000000000011100000000000000000000000000000000001100000110111111111100000000000000000000001001100000000000000100000000000000000000011000000100011000010000000000000000000000100000000001100001000000000000011
0000000000000000010000110000000000000000000000000000000000000100000100000000000000000000000000000000000000011111111111110000000000000000000001100000000000000000001000000000000000000010000100000000000000000000000000000000000000000000010000000011000001000111
0000001100000000001000110000000000000000000000000000000000000100000000000111111000000000000000000000000000111111111111110000000000010000000000000000100000000000001100000000000000000010000110000000000000000000000000000000000000000000000000000011100001001110
0000000100000000001110110000010000000000000001000000000100000100000001000110000101000000000000000000000111111111111011110000000000010000000000000000000000000000011100000000000000000000011111000000000000000000000000000000000000000000000000000001100000000110
0110000000000000001111111001000001000000000000000000000100000100000000000110001000000000000000000000011111111111111111100000000000000000000000000000000001000000000000000000000000000000011000000100000000011000000000000000000000000000001000010000000000000000
0000000000000000001111111101101001000000000000000000000000000000000000000000000000000000000000000000011110111111100110000000000000000000000000000000000001000000000000000000000000000000001110000100000001101110000000000000000000000000000000010000000000000000
0000000000000011001111111111111100000000000000000000000000000000000000000000000000000000000000000000011100101111100000000000000000000000000000000000000001011000000000000000000000000000001110001100011111111111100000000000000000000000000001111000000000000000
0000000000000000111111111100111100000000010000000000000000000000000000000000000000010000000000000000001111111111000000000000000000000000000000000000000000110000000100000000000000000000000110111100011111111111100000000000011000000000010011111100000000000000
0000000000000000111111111100011111100000111010000110000000000000000000000000000000000000000010000000000011111101100000000000000000000000000000000000000000100000000111100000000000000000000011111100011011111001000000000000011110000000010011111000000000000000
0000000000000000010011111110111111000000010010000110000000010000000000000000000000000000001000000000000011111000000000000000000000000000000000000000000001100000000000010000000000000000010010111000010011111111100000010000000000000000000001100000000000000000
0000001000000000000001111111111100000000000001100110000000000000000000000000000000000000001100000000000001111000000000000000000000000000000000000000000011100000000000000000000000000000010000111100000001111111100000000000000000000000000000000000000000000000
0100000000000000000111111111111110100000000011001110000000000000000000000001000000000000000100000000000001101100000000000000000000000000000000000000000000000000000000010000000000000000011000111100000001111110000000000000000000000000000000000000000000000100
0000000011000000001111111111011110000000001111001110000000000000000000000001100000000000001110000000000001000000000000000000000000000000000000000000001000000000000000010000000000000000111110001110000001111111000000000000000000000000000000000100000000001100
0000000000000000000111111011110000000000000100000000000000100100000000000000000000000000010100000000000000000001000000000000000000000000000000000000000000000000000000000000000000000000111110000110000100001111000000000000000000000000000000000100000000000011
0000000000100000000001100011100000000000000000000000000001100111011000000010000110000010110000000000000000000000000000000000000001110000000000000001000001000100000000000000000000000100011110001111000000000011000010000000000000000000000000000110000000000011
0000000000000000000001001111100000000000000000000000010011100111110000000000000000000000111000000100000000000000000000000000000000010000000000000001000000000000000000000000000000000101111110000000000000000000000000000000000000000001000000000000000000000000
0000000000000000011110011111100000000000000000000000000011100000110000000000000000000000001000001100000000000000000000000000000000000000000000000001000010000000000000000000000100000001011100000000000000011010000000000000000000000000000000000000000000000000
0000010000000000000000001111100000000000000000010000000001100000011001000000000000000000001111000000000000000000000000000000000000110000000000000001000000000000000000000000000100000101111110000000000000111011000000000000000000000001000000000000010000000100
0001110000000000000000000111000000100000000000010011100011100000011111100000000000000000001111000000000000000000000000000000000000100000000000000000000000000111000000000001100001111101111110001000000001111111110000000100000001000000001000000001110000011111
0001100000000000000000000110000001000000000000010111100000000000011111000000000000000000000111000000000001000000000000000000000000000000000000000000000000000000000000000011100001100111111111000000000001111110000000000000000100000000000100000000110100101111
0000001000100000000000000000000001001110000000000011101100000000001110000000000000000000000111101100000011000000000000000000000000000000000000000000000000000000000000000001100000111111111110100000000000011110100001110000000100000000000000000000110101110000
0000000000000000000000000111000000000000000000000011100100000000011100000000000000000000000000000000000000000000000000000000000000000000000000000000000000000000000001000011100111111011101110100000000000011110000000010000000000000100010000000011000000010001
0000100000000000000000001111000000000000000000000011000000100000111110000000000000000000000000000000000000110000000000000000000000000000000000000000000001110000100001111111100111110001110000000000001100110000000000011000111000000110000000000110000000000000
0000010000000000000000000010010001000100000100000011110100000000001110000000000000000000010000000000000000000000000000000001000000000100000000000000000000011111111111111111100111111001111110010001101100000001000000010000000000000110000000001110000000000000
0000000000000000000000100011000111100000001100000001111000100000000000100000000011000000110000000000000000000000001000000001000100000100000000000000000000000110111110011111001111110011111111000011000110001110000000000000000000000110000000001110000000000000
0000000000000000000100111011100000000000000000010001000001000000000000000000000001000000000000000000000000010001000000000000000000000000000000000000000000000100111100000111100011111101111111000001000100000110000000000000000000000100000000010100000000000111
0000000000000000000000111111110000000000000000010000000000000000110100000000000000000000000000001000000000110001100000001100000000000000000000000000000000000000000000000111100011111111111111110001001100000100100110000000000000000000110000100000110000000011
0000000000000000010000111111100000000000000000000100000000000000000000000000000000001111000000011000000000000001000000001100000000000000000000000000000000000000000000000110110000111111111111000001000110000110001110000000010000000100110000000001100000011000
0000100000000000110000111100000000000000000000000100000000100011000000000000000000001111000010001000000000000001000000110000000000000000000011000000000000000000100000001110011000111001111001000011000110000000001100000011000000000110000000000000000000111000
